58246
57705
57973
58345
58213
58131
57891
57540
58320
57524
57728
58091
58150
58154
57979
58432
57824
57963
58011
57847
57996
57997
57678
57640
57549
57932
57845
57807
57841
57525
58030
57987
58059
57713
58314
57812
58090
57534
57830
58410
57968
58155
58345
57551
57769
57618
58036
57942
57571
57884
58010
57679
57560
57985
57834
58180
57496
58117
57815
57882
57851
57992
58342
57793
57452
57551
57823
57660
57842
57900
58114
57891
57914
57616
57875
58088
57790
58052
58339
58397
57978
57767
57742
58156
57873
58350
57963
57801
57648
57447
58124
57564
58183
58389
57749
57627
58024
58175
57885
57440
63180
62884
62698
62829
63329
62811
63454
63204
63523
63333
62638
62854
63359
62973
62911
63406
63422
63109
62645
63602
63514
62855
63513
63422
62758
63354
62684
63269
62737
63422
62773
63221
62829
63387
63573
62685
63088
63386
63350
63009
63455
63246
62908
62682
63372
63095
62982
63344
63192
63218
63400
62687
63496
62717
63544
63366
62945
62758
63254
63338
63413
63322
62937
62753
63205
63269
63412
62815
62944
63519
63311
62667
63116
62833
62807
62790
62951
62970
63450
63497
63278
63545
63427
63623
63562
62993
62826
63448
62801
63105
63434
62709
63550
63369
63249
63468
63497
63587
63382
62745
26144
25669
25615
25430
25554
25672
25620
25293
25297
25410
25300
25951
25573
25362
25493
25387
25377
25599
25182
25656
25302
25308
25522
25589
25447
25494
25414
25964
25259
25897
25945
25691
25201
25180
25949
26161
25829
25254
26131
25911
25574
25658
25568
25480
25899
26003
25260
26121
26039
26042
25861
25202
25578
25560
25857
25204
25593
25385
25336
25765
25859
25687
25189
25248
25224
25192
25981
25397
26137
26047
25224
25784
25424
25398
25557
25785
25270
25808
25239
25896
25605
25269
25216
25451
26044
25281
25533
25605
26115
25700
25484
25567
25498
25801
26157
25185
25527
25879
26123
25603
35519
35233
35510
35985
35678
35958
35165
35528
36040
35625
35609
35367
35796
35485
35679
35104
35586
35915
35300
35489
35502
35733
35384
35300
36032
35630
35114
35355
35200
35093
35083
35284
35225
35855
35674
35876
35554
35672
35335
35499
35831
35621
35316
35521
35338
35681
35322
35261
35969
35160
35827
35728
35726
35792
35229
35718
35988
35820
35794
35122
35143
35354
36039
35660
35531
36038
35649
35965
35420
35445
35834
35893
35593
35474
35810
35878
35708
35892
35495
36000
35176
35117
35636
35480
35638
35976
35084
35599
35279
35281
35936
35247
35422
35145
36042
35742
35368
35758
36040
35488
38455
39081
38923
38566
39178
38675
38694
39313
39268
38887
38964
39023
39434
38764
39052
39098
39342
38988
38528
38876
38689
38940
39124
38756
38502
38911
39347
39451
38790
38464
38863
39309
39080
39334
38507
39438
38936
38762
39113
38676
39293
38900
38647
38886
38515
38984
38488
39085
38966
39162
38933
38836
39134
38564
38870
39341
39159
39108
38596
39242
38560
39141
38994
39259
39307
39116
38468
39025
39119
39412
39290
38920
39011
38814
38885
38664
39380
38925
38608
39009
38675
39100
39414
39315
39224
38677
38607
39172
38918
38801
38691
38982
39331
39351
39136
38798
39144
38652
39049
39366
49592
49055
48964
49359
49618
49123
49670
48881
49729
48827
49364
49739
49406
48979
49469
48903
49570
49564
49521
49195
49211
49432
48949
49476
48797
49499
49438
49417
49559
49409
48991
49433
49719
49279
49010
49148
49185
48815
49094
48997
49104
49092
49555
49098
49422
49266
49526
49337
49677
49293
49016
49714
49381
49010
49134
49252
49504
49133
49453
49572
49011
49717
49150
49412
48957
49583
48874
49492
49337
49379
49012
48772
49203
49704
49741
49714
49023
49346
49463
48968
48909
48942
49296
49583
49315
49630
49705
48940
49177
49202
49721
48996
49125
49624
49169
49024
49361
49004
48754
49579
39432
39415
39568
39798
39569
40182
39859
39998
39813
40346
40302
39844
39604
40118
40341
39548
40286
40020
39558
39480
40063
40145
40072
39546
39575
39810
39791
39521
39767
40339
39932
39573
40186
40245
40225
40320
40054
39847
39436
39995
39898
39567
39497
39581
40341
40314
40053
39897
39984
40285
39452
39775
40065
39477
39448
40271
39591
39446
39808
40301
40037
39695
40236
40002
39619
40225
40183
39922
40176
39594
39578
40259
40345
39766
39573
40051
39759
39384
39488
39744
39420
40221
39800
39481
39445
39535
40336
39798
40047
39633
39597
39992
39489
40098
40319
39635
40204
40012
39731
40149
44274
44092
44204
44287
43700
44378
43942
44135
44244
43518
43773
44340
43487
43531
44206
43864
43406
43508
44111
44166
43520
43918
44140
44384
44239
43575
43713
43669
44143
43396
44186
44064
43482
43419
43446
43758
43756
43521
43934
44097
44048
44170
44089
43527
43575
44122
43888
43617
43994
43950
43621
44015
44379
44019
43866
43553
43801
44300
44357
44237
44131
43817
44144
44234
44302
43831
44137
44200
43928
44355
43962
43511
44259
43685
43560
43878
43465
43437
43980
44053
43881
43694
44194
43948
44237
43771
43693
43793
44117
43529
43564
43495
43712
43420
44227
44162
44133
43866
44146
44240
46500
47128
46670
46541
46552
46731
47349
47109
46847
46635
46629
47136
46715
46975
46908
47174
47099
46789
47143
46784
46603
46516
47404
47181
46872
46998
46754
46483
46768
46645
46559
47162
47155
46595
47147
46424
46845
46843
46625
46473
46957
47116
47205
47242
47200
46649
46664
47221
46690
47023
47272
46457
46607
47164
46904
46517
46495
46606
46815
47014
46779
46982
47366
46639
46707
46852
47049
46440
46790
47011
46426
46733
46920
46613
46688
47034
46457
46797
47285
46732
46747
46888
47372
47203
46517
47260
47126
47324
46468
47126
47245
46831
46785
46512
47077
46765
47306
47287
46551
46526
45008
44970
44297
44191
44938
44710
44393
44124
44839
44892
44445
44842
44180
45080
44312
44831
44576
44281
45042
45065
44772
44372
44848
45045
44396
44242
44170
44747
44968
44588
44327
44704
45111
44358
45094
44588
44982
44564
44431
44385
44344
44676
44428
44362
44547
44313
44355
44904
45017
44810
44571
44358
44917
44906
44970
44474
44257
44843
44227
44854
44780
44704
44328
44899
44774
44330
44610
45086
44455
44831
44758
44921
45013
44638
44973
44799
44127
44658
44709
44193
45066
44903
44605
44344
44447
44127
44842
44349
44328
44755
44483
44457
44130
44745
44506
44698
44515
44310
44244
44462
40248
40946
40781
40313
40739
41106
40356
40961
40368
40818
40697
40321
40279
40388
40842
40195
40575
41060
40812
40608
40289
40497
41125
40714
40949
40240
40334
40525
40508
40340
40303
40884
40179
40256
40274
40468
40919
40540
40167
40327
40812
40764
40991
40991
40259
40616
40343
40453
40862
41119
40149
40878
40606
40638
41104
40891
40699
40771
40609
40974
40268
40498
40462
40879
40350
40397
41091
40728
41083
40404
40923
40590
40528
40190
40600
40638
40497
40598
40223
40632
40997
40624
40975
40620
40901
40588
40273
41021
40825
40775
40696
41007
40209
40220
40892
40480
40469
41067
40502
40244
28184
27909
28264
28591
28437
28478
27859
28186
28368
28757
27909
28565
28684
28031
28090
28123
28676
28247
28416
27982
28123
28816
28482
28589
28353
28229
28547
27986
28330
28553
28671
28071
28800
28547
28380
28760
28479
28735
28390
27892
28102
28103
28730
28188
28826
28810
28166
28562
28011
28360
28801
27973
28054
28480
28421
28168
28707
28287
28182
28753
27987
28192
28590
28184
28192
27962
28498
28290
28408
27978
28179
27951
28697
27864
28475
28234
28663
28282
27892
28585
28511
27914
28174
28553
28437
28663
28172
28158
28200
28217
28109
27966
28613
28635
27889
28823
28054
28618
27859
28475
63673
63513
63921
63794
63166
63664
63006
63939
63466
63120
63825
63409
63161
63945
63354
63599
63315
63060
63233
63888
63672
63209
63215
63650
63887
63088
63868
63549
63703
63222
63406
63828
63793
63810
63790
63160
63356
63161
63140
63142
63245
63233
63919
63015
63387
63651
63712
63279
63113
63480
63527
63615
63752
63055
63066
63798
63612
63105
63902
63123
63587
63410
63081
63337
63569
63009
63253
63172
63971
62994
63304
63032
63059
63862
63398
63519
63901
63278
63220
63289
63157
63675
63665
63165
63341
63911
63578
63691
63844
63001
63708
63445
63157
63631
63769
63857
63508
63142
63545
63653
46812
47482
47116
47044
47678
47110
47047
47282
47075
47701
47122
47135
47604
47639
47707
47526
46991
47050
46890
47361
47039
46835
46977
47141
47195
47547
47489
47625
47307
46821
47124
46956
47134
46822
47597
47219
47639
47257
47384
47050
47718
46858
47713
46929
47474
46776
47384
47572
47227
47162
46918
47692
46929
47342
47035
47610
47131
47232
47301
47094
47078
47099
46993
47718
46970
46909
47152
47086
47073
46973
47381
47706
47138
47238
47068
47669
47031
47240
47039
47373
47711
47310
47155
47031
47659
46845
47297
47210
46806
46961
47499
47716
47610
47733
46863
47643
47562
47049
47479
47586
63007
63038
63367
62524
62747
63206
62780
63121
62735
63032
62683
62754
63142
62510
63149
63182
62903
63342
63076
62894
63226
62680
62605
62456
62802
63083
62713
62544
63127
62759
62649
62764
62703
63216
63040
62955
62687
62834
62787
63010
63058
62626
62625
62455
63148
62615
63265
62528
62928
63196
63065
62710
62490
62701
63167
62955
62657
63186
63414
62495
62823
62907
63341
63376
63049
63196
62551
62967
62745
63309
62776
62634
62518
62628
63296
62851
62691
62958
63103
62466
62677
62631
63234
62727
62481
62635
62619
63173
62894
63386
62619
62865
62443
63059
62421
62786
62664
63173
62598
63321
23287
22850
23486
23726
23560
23424
23155
23087
23673
23690
22987
23022
23039
23230
22980
23106
23578
23603
22881
23770
23048
23127
23368
23562
22942
22787
23334
23776
23151
22969
22870
23118
23641
23783
23555
23177
23279
22873
23340
23681
22949
23245
23364
23575
23071
23608
23108
23532
23151
23289
23746
23475
23740
23133
23127
23073
23649
23202
23105
23671
22921
23376
22976
23247
23443
23241
23419
22803
23158
22872
22888
23597
23072
23428
23633
23083
23569
23513
23746
23743
22880
23483
23565
23115
23473
23382
23420
23783
22952
23326
23134
23058
22930
23326
23174
23396
23106
23602
23471
23363
41177
40792
41469
41488
41490
41619
41646
40772
41456
41203
41392
40949
41180
41020
41271
40966
41011
41168
41360
40882
41565
41289
41008
41065
41430
41257
41203
40967
40902
41479
40943
41190
40873
41397
40965
41063
41148
41567
40774
41532
41667
40987
41108
41118
40911
40702
41207
41132
41531
41169
41223
40941
40772
41340
41422
41611
41587
40772
41606
41277
40833
41516
41022
41391
41375
41180
40784
41169
40726
41596
40942
40850
41359
40741
40989
40976
41238
40718
40764
41378
41594
41437
41493
41553
41327
41451
41542
41407
40814
41448
40779
41583
41663
40778
40945
40763
41509
40827
41353
41620
4138
4647
4465
4675
4842
3905
4799
4669
4581
4599
4870
4723
4133
4247
4199
4593
4449
4099
3885
4825
4157
4109
3964
4241
4191
4087
4070
4574
4022
4418
4692
4451
4346
4283
4237
4734
4619
4716
4190
4817
4283
4564
4332
4721
4199
4105
4683
3949
4550
4830
4562
4334
4087
4820
4349
4409
4444
4100
4652
4540
4112
4869
4589
4614
4395
3932
4726
4833
4446
4034
3890
4443
3983
4639
4326
4679
4350
3997
4690
4194
4510
3907
4166
4044
4190
4107
4404
4841
3947
4821
4081
4815
4740
4682
3917
4533
4067
4463
4214
4831
918
742
652
808
1494
599
1172
1436
836
1048
711
776
1459
683
1008
1401
857
1339
1010
1207
1244
1250
662
1542
902
826
846
1159
1118
838
647
607
1148
1165
1543
811
1301
863
627
599
1383
1036
1341
802
784
1005
891
852
1161
980
985
899
1236
1423
674
563
669
812
732
910
1044
614
1456
1028
672
590
1152
777
780
670
718
782
1099
1486
649
1367
972
574
858
741
1385
1493
616
1437
1414
659
1032
1491
1299
677
860
1435
707
1232
1296
1360
611
1459
945
633
4030
3879
4248
4011
4066
3997
4406
3815
4366
4290
3818
3850
4223
4448
3989
4486
3761
4277
3816
3752
4309
4521
4042
3965
3841
4397
4431
4396
4493
4512
4076
4065
3786
4498
4333
4150
4529
3913
4470
4645
4742
4484
4070
4081
4215
4166
4148
4572
4360
4099
4151
4171
4289
4095
4208
3861
3778
3915
4647
4714
3930
4527
3970
4006
3800
3871
3746
4097
3936
4544
4524
4328
4446
3901
4388
4345
3756
3985
4374
4032
3763
4096
4109
3997
3855
4339
4328
4689
4357
3909
4711
3864
4109
4662
4192
3891
4331
4433
4158
4291
30319
30198
29953
29921
30508
30028
30486
30644
30057
30354
30691
30206
29993
30297
30545
30684
29758
30478
30445
29736
30152
30272
30589
30518
30358
30280
30213
29794
29827
29834
30277
30261
30672
30260
30544
30350
30348
30055
29987
30344
30491
30201
29838
29786
30402
30067
30565
30615
30320
29870
29866
30564
30500
30625
30309
30214
30450
30006
29998
30719
29778
30601
29888
29858
30233
29788
30517
30203
29862
30649
30419
30569
29918
30662
30258
29805
30525
30675
30226
30032
30275
30696
30726
29860
29903
30654
30172
30599
30237
30372
29924
30359
30344
30580
30138
29790
30171
30399
29963
29980
23969
24665
24702
24845
24602
24088
24526
24013
24861
24557
24122
24684
24147
24143
23988
24290
24711
24342
24202
24858
24835
24391
24752
24257
24273
24268
24533
24483
24691
24784
24204
24193
24483
24600
24254
24150
24886
24407
24767
24847
24118
24249
24625
24210
24038
24195
24929
24684
24809
24662
23990
24582
24689
24500
24948
24296
24956
24749
24959
24170
24493
24861
24447
24480
24680
24447
23979
24350
24244
24621
24556
24805
24806
24559
24415
24183
24947
24387
24643
24577
24545
24612
24904
24240
23992
24409
24558
24276
24475
24881
24773
24531
24245
24699
24614
24026
24256
24673
24780
24887
23336
23499
23944
23894
23645
23646
24112
23918
23928
23657
23413
23822
23517
23344
23790
23325
24293
23943
23674
24081
23668
23581
24209
23399
23781
23565
23940
24166
24230
23412
23383
24325
23927
23429
23520
24178
24058
23356
23739
23555
23806
24091
23856
24251
23610
23776
23781
23672
24244
23746
23818
24151
24311
23865
24056
24078
24164
24179
23421
23814
23895
23385
23653
23948
23364
24296
23431
24228
23510
23337
24134
24311
23673
23815
23456
24269
23417
24133
23699
23522
23963
23456
24187
24268
23575
24176
24246
23854
23400
23780
23623
23472
24121
24286
24185
24244
23815
23488
23802
23973
3171
3496
3746
3221
3500
3611
3721
3628
3452
3816
3163
3090
3094
3553
3506
3629
3837
3904
3885
3465
3393
3807
2996
3640
3645
3688
3615
3501
3631
3516
3509
3755
3953
3387
3718
3612
3124
3712
3145
3376
3786
3219
3777
3429
3838
3291
3460
3943
3887
3539
3844
3567
3211
3029
3260
3478
3815
3285
3663
2997
3498
3092
3794
3936
3805
3961
3035
3230
3908
3030
3230
3587
3509
3287
3918
3097
3502
3530
3052
3077
3374
3488
3172
3166
3667
3227
3403
3424
3076
3209
3337
3774
2976
3204
3543
3252
3668
3873
3751
3338
38329
38512
37937
38624
38507
38376
38017
38088
38077
37902
38485
38051
38126
38614
37927
38419
38726
38839
37938
37966
38578
38732
38013
37912
38808
38813
38153
38191
38509
38110
38179
37945
38292
38143
38248
38753
38205
38092
37849
38780
38067
38011
38606
38264
37865
37940
38083
38238
37842
38663
38754
38738
38039
38727
38093
38046
38619
38286
38714
38379
38678
38187
37907
38037
38520
38003
38507
38354
38126
38106
38806
38020
38713
38545
38765
38067
37851
38541
37958
38374
38653
38595
38234
38397
38163
38650
37888
38521
38454
38489
38625
38629
38789
38516
38475
38267
38170
37889
38451
38764
15730
15334
15976
15314
16190
16016
16032
16052
16245
16152
16188
16100
15811
16161
16189
15504
15322
15738
15554
16046
15902
16190
15999
16144
15325
16239
15363
15907
15757
15778
15360
15801
16020
15689
15377
15709
15306
15917
15493
15511
15473
15653
15978
15410
15361
15754
15879
15431
15884
15344
16216
16089
15666
16137
15965
15458
15773
15494
15461
15306
16143
16203
15577
15970
15506
15637
15902
15871
15590
15684
15409
16001
15909
15772
15540
15695
15619
15838
15881
15601
15724
15537
16014
15958
15283
16039
15686
16231
15844
16221
15552
16113
15272
15683
15554
15663
16245
15549
16152
15487
25960
25215
25774
25162
25677
25953
25831
25975
25721
25078
25664
25246
25972
26010
25492
25518
25896
25119
25339
26003
25932
25673
25749
25899
25518
26006
25247
25245
25914
25679
25989
25905
25308
25197
26035
25833
25300
25541
25287
25144
25335
25592
25811
25931
26006
25154
25063
26026
25983
25626
25683
25426
25923
25625
25982
25213
25303
25718
25852
25678
25825
25043
25104
25605
25936
25293
25784
25092
25993
25199
25575
25159
25889
25711
25896
25948
25425
25130
25538
25488
25392
25235
25970
25579
25236
25409
25624
25260
25505
25882
25688
25432
25569
25528
25212
25209
25608
25733
25542
25817
17238
16927
16702
16484
17388
16641
16704
17088
16831
16742
17052
17342
17129
16811
16646
16624
16599
17411
17095
17288
17047
16942
16678
17183
17255
16978
16560
17263
16514
16477
17173
16685
17125
16905
16882
16513
17338
16504
16963
17427
16719
16941
16953
17012
17029
17396
17357
16622
17031
17056
17139
16784
16746
17190
16474
17202
17037
17345
17019
17178
17234
17342
16742
16675
17262
16623
17270
16944
16843
17222
17228
17412
17254
17355
17383
16847
17133
16586
16605
16893
17109
17267
17214
16991
17104
17043
16842
16716
16775
16846
16798
17021
16502
17332
16913
16529
16683
16618
16872
17437
41623
40875
41237
41375
40868
41613
40953
41169
41505
41245
41149
41432
41018
41753
41330
41088
41827
41731
41743
41795
41277
41380
41452
41703
40923
41483
41195
41661
41529
41131
41133
40967
41362
41547
41088
41540
41365
41132
41164
41722
41636
41557
41422
41225
41252
40907
41236
41446
41236
41592
41700
40943
41115
41772
41618
41148
41432
40884
41616
41504
41799
41374
41304
41032
41018
41355
41691
40935
41773
40837
41554
41372
41464
40934
41417
41658
41600
41802
41026
40987
41297
40844
41557
41507
41106
41693
41622
40994
40859
41305
41042
40937
41792
41445
40867
41085
41634
41809
41362
40906
52118
51981
52797
52303
52724
52173
52724
52708
52233
52031
52916
52562
52178
52356
52405
52492
52824
52968
52416
52647
52720
52741
52789
52854
52185
52902
52200
52346
52100
52715
52286
52541
52771
52527
52804
52140
52784
52018
52135
52824
52534
52952
52735
52431
52175
52575
52021
52351
52521
52816
51978
52551
52959
52810
52701
52033
52936
52072
52734
52628
52517
52056
52791
52564
52735
52630
52271
52833
52945
52562
52347
52086
52759
52381
52549
52173
52529
52123
52609
52468
52112
52405
52411
51976
52832
52838
52684
52710
52335
52310
52943
52582
52884
52237
52309
52519
52384
52668
52257
52288
12333
12832
12521
12863
12469
12025
12345
12072
12488
12607
12355
12142
12570
12353
12222
12204
12412
12864
12107
12330
12610
12165
12979
12148
12818
12085
12886
12693
12568
12902
12137
12301
12375
12950
12811
12559
12696
12766
12146
12952
12183
12579
12094
12185
12310
12986
12924
12764
12976
12741
12938
12412
12873
12613
12856
12045
12923
12002
12109
12836
12667
12949
11997
12045
12235
12238
12049
12877
12124
12790
12611
12299
12552
12813
12128
12248
12528
12350
12552
12819
12759
12860
12112
12507
12345
12828
12709
12013
12419
12766
12514
12592
12255
12011
12473
12458
12338
12427
12364
12780
4433
5257
4624
5286
4571
5207
5272
5147
4960
4638
4925
4315
4530
4768
4491
5058
4891
5147
4390
5263
5153
4640
4793
5115
5070
4985
4451
4504
5012
4532
4604
4403
5013
5157
4997
4684
4667
4298
4312
4370
4633
5087
4800
4941
4987
5052
5152
5103
4779
4479
5242
4556
4762
4419
4687
4678
5232
4774
5138
4306
4315
5237
5270
5067
4476
4941
4535
5119
4959
4645
5036
4453
4950
4864
4718
4723
4501
5106
4768
4871
4447
4590
4409
5057
4841
4718
4417
4476
4579
4439
4904
4920
5076
4732
5286
4313
4490
5199
4567
5012
63337
63636
64078
64181
63386
64227
64032
63918
64156
64205
63919
63367
63696
63796
63354
63795
64212
63433
63853
63958
63605
63387
64116
64130
63806
63579
63511
63492
63473
63716
63926
63857
64174
63625
63399
64280
63460
64070
63840
63726
63957
63417
63847
63962
64004
63825
64163
63709
63867
64174
63365
64002
64108
63781
63900
63663
64299
63385
64183
64206
63653
63517
63425
63810
63872
63333
63671
63997
63822
63607
63784
63371
63615
64244
63939
63524
63391
63812
63368
63580
63586
63987
63772
63411
64009
63634
64092
63895
63378
63343
64162
63543
64293
63673
63975
63756
64113
63493
63638
63713
24452
24840
24492
24350
24724
24000
24605
24930
24564
24873
24235
24068
24166
24745
24031
24279
24963
24832
24273
24637
24781
23991
24561
24673
24626
24241
24275
24505
23989
24811
24850
24033
24196
24629
24458
24735
24781
24937
24086
24952
24134
24504
24108
24705
23998
24500
24619
24554
24022
24232
24801
24658
24848
24379
24629
24213
24307
24756
24020
24884
24746
24580
24490
24391
24098
24423
24236
24464
24699
24036
23973
24293
24835
24384
24394
24234
23977
24761
24188
24110
24038
24237
24921
24322
24293
24827
24610
24571
24809
24298
24300
24690
24622
24595
24354
24792
24447
24212
24965
24054
35750
36439
36052
35950
36004
35969
36716
36228
36383
35755
35971
36355
35814
36251
36127
36421
35947
36709
36173
35880
36212
35855
36635
35781
36080
36438
36014
36668
36508
35798
36164
36041
36051
36401
36648
35833
36022
36489
36060
36622
35925
35751
36341
36366
36430
36558
35774
36528
36050
35863
36418
36690
35798
36365
36715
36724
36026
36426
36056
35822
36529
36078
36691
36410
36627
36712
35936
36601
36274
35769
36598
36290
35985
36421
36688
36221
36543
36000
36257
35978
35920
35828
36060
36349
36221
36238
36157
36407
35899
36294
36231
35926
36023
35881
35991
36386
36043
35807
36413
36556
34770
34594
34630
35191
35193
34531
34880
34430
34639
34811
34903
34287
34670
34495
35169
34647
34604
35138
34668
34628
34836
35056
34269
34665
34586
34335
35060
34955
34355
34450
34511
34995
35165
34591
34390
34396
34532
34855
34419
35209
34273
34734
35020
35069
35004
35223
35159
34833
35109
34618
35156
34439
34858
35037
34361
34699
34325
34757
35112
34723
34779
34838
35213
34360
35218
34809
34621
34612
34512
34289
35147
35062
35143
35079
34295
34329
34441
34324
34955
35103
34521
34420
35157
34231
34399
34397
35126
34501
34334
35071
34593
34805
34336
35111
34588
35158
34937
34656
34258
34363
1761
1391
1723
2254
1418
1476
1859
1841
2190
1336
2203
1539
1727
2034
2022
2068
1440
2250
1858
1740
1821
1739
1494
1742
2059
2191
1915
2030
1554
2120
2001
1706
2277
1523
1982
2187
2152
1793
1484
1833
1797
2162
1684
1640
1313
1813
2025
1410
2111
2194
1633
1363
1886
1338
2245
1425
1460
1330
2234
2213
1457
1688
2048
1771
1745
1770
1450
2013
1790
1475
1324
1732
1617
2055
2073
1868
1967
2252
2116
1334
2215
1663
1698
1497
1696
1985
1348
2033
2081
2138
1671
1357
1814
1657
1356
2192
1861
1533
1469
2153
17522
17538
17935
17766
17998
17999
17502
17638
17966
17975
17232
17848
17501
17875
17622
17765
18114
18078
17312
17900
17950
17921
17449
17251
17829
17740
17760
18009
18064
17844
17553
17941
17703
17389
17990
17494
17763
17129
17846
17750
17489
17315
17621
17408
18052
17669
17560
17840
17938
18090
17450
17290
17728
17395
17630
18084
17248
17156
17738
17848
17923
17834
17146
17376
18034
17455
17504
17476
17671
17683
17998
17894
18014
17574
17415
17452
17977
17526
17589
17304
17324
17329
17467
17608
18012
17580
17491
17449
17380
17540
17367
17146
17430
17632
17154
17320
17268
17419
17267
17930
26150
26050
25802
26536
26683
26668
25983
26319
26280
25770
25753
26342
26585
25739
26085
25799
26135
26589
25846
26309
26293
26022
26459
26216
26391
26373
25912
26183
26148
26526
26206
25758
25777
26096
25950
26309
26424
26290
26628
26106
25885
26193
25818
26715
26299
25932
25850
26273
26637
26664
26328
25784
26601
25939
26154
26214
26355
26100
26586
26109
26569
26133
26673
26486
26445
25753
26308
26625
26015
26537
26683
26370
26093
26045
26037
26390
26421
26305
25746
25747
25765
26673
26507
25841
26272
26411
25874
26355
26701
26347
26379
26292
26557
26007
26280
25789
26165
26098
25774
26511
56543
56593
56104
56769
56219
56693
56639
56232
56662
56839
56405
56361
56596
56150
56972
56804
56456
56464
56888
57057
56977
56105
56392
56628
56494
56472
56857
56942
56702
56577
56766
57049
56465
56324
56969
56260
56882
56230
56119
57032
56667
56156
56760
56388
56916
56091
56756
56950
57006
56704
57063
56646
56297
57068
56615
56837
57018
57073
56766
56628
56227
56242
56915
56407
56384
56780
56518
57059
56408
56785
56693
56530
56397
56105
57009
56632
56263
56432
56817
57072
57084
56782
56823
56203
56644
56763
56680
56944
56546
56583
56164
56892
56880
56575
56409
57060
57025
56926
56723
56338
27008
26392
26774
27187
26523
26787
26552
26753
27171
27166
27182
26363
26576
27262
26322
26976
26490
27001
26953
27207
27092
27062
27175
27120
26791
26813
27036
27139
27243
27172
26381
27014
26832
27068
27266
26548
26356
26559
26333
26618
26819
26495
26844
26880
26847
27218
27191
26378
26831
26444
27220
26982
26788
26323
26468
26360
26742
26740
27042
27196
26887
26909
26852
27207
26546
27234
26721
27148
26423
26457
26477
26864
27185
27161
27048
26652
26325
26822
26785
26970
26889
27169
26922
26606
26679
27083
26707
27152
26331
26718
27061
26700
26769
27083
26842
27069
27225
26536
26919
27092
23211
23862
23520
23740
23835
24058
23567
23171
23958
23230
23577
23807
23785
23990
23854
23848
23502
23884
23784
23989
23997
23317
23386
23258
23390
23973
23407
23389
24088
23732
23502
23576
23923
23931
23362
23238
23930
24094
23789
23681
23530
23528
23127
24069
23600
23833
23984
23844
23438
24086
23802
23503
23545
23284
23927
23323
23946
24085
24017
24109
23820
23276
23811
23351
24097
23711
24056
23292
23611
23575
23439
23870
23871
23461
23361
23784
23179
23727
23763
23213
23933
23537
23305
23989
23932
23425
23559
23371
23973
23779
23611
23627
23455
23502
23790
23936
24041
23729
23270
24073
10057
9963
9931
10094
10814
10740
10460
10394
10434
10088
10134
10771
10618
10750
10666
10233
9915
10333
10221
10102
10474
10371
10536
9933
10338
10711
10415
10431
10817
10815
10704
10775
10416
10673
10505
10232
10271
9883
10468
10514
10806
10788
10592
10830
10027
9876
10786
10370
9991
10484
10403
10196
10481
10113
9918
10759
9884
10640
10641
9901
10806
9944
9903
10047
10269
9910
10009
10639
10660
10447
10691
10513
10814
10816
10101
10051
10757
10219
10759
10154
10750
10676
10815
10160
10580
10280
10087
10336
10641
10578
10392
9906
10301
10839
10236
10029
10569
10094
10759
9998
21907
22490
22233
21768
22012
21855
21944
22291
22131
22696
22191
22150
22715
22521
21936
22180
22151
21935
22362
22668
21828
21784
22598
22109
22684
22587
22410
22535
21782
22014
22622
22358
22130
21791
22289
22565
21891
21900
22350
22596
22375
21898
22467
22606
21831
22333
22070
22512
22427
22002
22480
22296
22169
22604
21931
22481
22557
22137
22666
22188
21785
22702
22056
21858
21727
22214
21842
22445
21804
21950
21791
21995
21811
22075
21851
22139
21863
22258
22339
21920
22048
22290
22521
22574
21992
22688
22379
22609
22081
22154
21984
21991
21842
21805
22403
22388
22056
22147
22504
22225
45915
46521
45871
46339
45884
45639
46150
45609
46277
46015
46122
45833
46280
46530
45918
45906
45679
45974
46508
45883
46541
45958
46185
46238
45680
46132
45911
45825
45932
45635
45723
45907
46142
46392
45692
45912
45836
45965
46135
45999
45613
46195
45805
46145
45884
45981
46385
45918
46267
46508
46202
45742
46392
45710
46044
45633
46121
46380
46509
45707
46509
45782
46084
45990
45701
46477
45996
45605
46540
45574
45704
45689
45970
46080
45855
46036
45921
46054
46360
45859
45940
45914
45690
46377
45854
46203
46212
46395
45834
45742
46321
45626
45617
46385
46413
46473
46185
45675
46299
45651
21714
21216
21459
20852
21681
21200
21174
20846
21797
21774
21020
21477
21687
21726
21571
21739
21644
21729
20946
21324
21565
20912
21197
21474
21242
21145
21401
21260
21824
21645
21384
21805
21662
21009
21713
21055
21304
21775
21558
21419
21792
21292
20919
20975
20984
21141
21252
21231
21554
21299
21221
21668
21562
21690
21259
21581
20845
21094
21339
21541
21457
21305
21215
21031
21276
21172
21316
21529
21428
21806
21534
21372
21052
21716
21713
21301
21301
21144
20943
21320
21445
21276
21457
21201
21309
21720
21476
21807
20996
21068
21570
21123
21698
20965
21037
21552
21458
21399
21611
21575
45643
46381
46326
46216
46073
45578
46387
45773
46003
46009
46483
46024
45918
45887
46286
46337
45865
46488
45701
46512
46086
46055
46026
46365
46526
45903
46490
45925
45730
46228
45611
45836
45980
46540
45934
45730
46395
45787
46324
46246
46155
45639
45947
46548
46139
45969
46102
46023
45642
46191
46326
46012
46168
46048
45637
46181
45694
46184
45778
45789
45607
46365
45854
46551
46324
45788
45585
46530
46137
46372
46422
46099
46301
46276
45636
45891
46221
45623
45859
45809
45959
46504
46261
45677
45774
45953
46015
46442
45635
46229
45719
45882
46288
46000
46206
46527
46158
46512
45857
46554
11024
10456
10181
10320
10567
11158
10701
10229
10244
11148
10240
10844
10914
10603
10732
10374
10491
10845
10640
10641
10234
10370
10970
10541
10974
10691
11159
10719
10810
10304
10620
10387
11053
10695
10818
10766
10879
10874
10462
10505
10584
10434
10959
10869
10215
10546
10644
10968
10580
11092
10220
10803
10965
10813
10407
10905
10940
10477
10678
10714
10874
10311
10528
10647
10430
10680
10336
10692
11067
10990
10613
10544
10901
10482
11062
10340
10402
10291
10801
10546
11043
10972
10837
10960
10649
10486
11043
10912
10332
10372
10584
10934
10453
10860
10399
10923
11070
11054
10501
10377
5920
5690
6042
5342
5670
6154
5380
5666
6202
5678
6189
5453
5493
5699
5840
5920
5524
5360
5879
5620
6204
5519
6158
5265
5851
5334
5694
5537
5894
5884
6044
5838
5635
5319
5247
5736
5435
5730
6015
5842
6048
5642
5662
5685
5468
5304
5916
5511
5843
5243
5759
5972
5391
6060
6078
6026
5214
5710
5267
5408
5218
5681
5645
5511
6203
5675
5817
5850
5373
5919
5930
6093
5929
5502
5271
5216
5890
5272
5364
5740
5494
6153
5799
5734
5913
5681
5954
5956
5725
5637
5682
5401
5587
5519
5587
5448
5995
5430
5728
6030
40175
40865
39933
40586
40266
40556
40831
40701
40370
40171
40285
40796
40173
39975
40755
40717
40678
40506
40248
40356
40636
40524
39912
40366
40502
40181
40803
39912
40649
40867
40909
40542
40180
40207
40615
39973
39962
40328
40858
40102
40755
40390
40812
40882
40386
40297
40659
40102
40038
40426
40466
40444
40728
39935
40274
40490
40581
40027
40400
40315
40767
40119
40586
40615
40908
40408
40024
40268
40619
40230
40831
40461
40614
40640
40449
40515
40325
40566
40084
39945
40511
40354
40463
40132
40657
40614
40342
40586
40783
40761
40814
40070
40518
40500
40048
40619
39927
40141
40413
40221
2001
2073
2451
2597
2477
2203
2439
2113
2182
1994
2492
2681
2505
2362
2130
2616
2698
2816
2020
2874
2844
2105
2405
2623
2202
2911
2211
2701
2818
2408
2539
2098
2706
2117
2573
2405
2440
2611
2673
2749
2923
2248
2716
2728
2290
2712
2435
2732
2437
2664
2734
2903
2224
1991
2747
1998
2375
2307
2515
2085
2838
2843
2778
1960
2885
2447
2529
2521
2834
2073
2514
2489
2770
2539
2617
2104
2561
2481
2433
2788
2242
2198
2806
2528
2055
2417
2780
2419
2120
2683
2154
2350
2055
2312
2409
1941
2872
2049
2237
2297
4159
4062
3828
4119
4248
3812
4278
3499
4120
3528
4272
3763
3966
4161
4255
4338
3927
4079
3623
3784
3612
3634
3415
3767
3542
3952
4335
3724
4292
4109
4033
3994
3740
4135
3441
3575
3680
3528
3869
4237
3408
3588
3517
4047
3446
4165
3699
4011
4288
4024
3786
4225
3444
3974
3539
3484
4337
3564
4293
3399
3487
4073
3808
3521
4097
4088
3431
3758
4022
4201
4142
4295
3849
3622
4240
3961
3680
3797
3727
4038
4103
4182
3956
4272
3579
4307
3480
4160
3563
4385
4335
3899
3553
3589
3661
3607
4082
4216
3828
3513
14693
14527
14584
14761
14600
14521
15026
14310
14575
14635
14573
14642
14513
14931
15157
14202
14407
14286
14823
14886
14275
14913
14791
14412
14551
14524
15170
15185
15071
14568
14450
14863
14926
14976
14763
14763
14370
14656
14584
14415
14903
14999
14563
14783
14973
14196
14754
14417
14541
14240
14644
14658
15008
14215
14232
14380
14741
14285
14385
14957
14630
15162
15016
14781
14620
14577
14734
14653
14941
14287
14392
14188
14237
14848
14907
14984
14519
14277
14586
14526
15015
15005
14401
14468
15065
15000
15157
15071
14771
14576
14727
15062
14917
14849
14439
14303
15111
14662
14187
14966
20197
20132
20554
20853
20111
20696
20698
20916
20352
20503
20755
20776
20400
20059
20794
20691
20909
20884
20164
20326
19971
20854
20738
20306
20239
20272
20639
20696
19940
20826
20318
20041
20489
20640
20571
19997
20129
20718
20545
20477
20035
20443
20481
20630
20662
20267
20067
20005
20313
20184
20913
20365
20366
20373
20608
20862
20272
20126
19966
20538
20625
20147
20734
20402
19956
20272
20081
20478
20744
20537
20354
20507
20073
20435
20086
20814
20271
20471
19975
20340
19949
20636
20284
20066
20231
20113
20775
20719
20178
20577
20271
20216
20107
20160
20899
20464
20645
20084
20227
20023
64062
63446
64079
63628
63899
64415
63475
63513
64046
64337
64315
63458
64237
64139
64346
63660
63600
64036
64342
63477
63505
63881
64065
63792
64047
64037
63722
63729
63589
63466
63555
63595
64067
64362
64256
63930
64134
64267
63630
63593
63693
63982
63636
63625
63767
63903
63818
63731
63893
63683
64175
64289
64287
63605
64003
64229
63880
64219
63451
63641
63638
63512
64133
64368
63918
64409
63988
64023
63845
63756
63959
63993
64299
64084
63995
63495
63486
64317
63757
63793
63736
64061
63752
63803
64350
64289
63870
63540
64185
63587
64180
63951
64097
63584
64348
64072
64143
63631
64287
64045
43581
43074
43439
42683
42712
43117
43179
43236
43109
42997
43094
43592
43544
43314
43499
43163
43327
43348
42805
42965
43548
43232
42683
43461
42782
43379
43157
42738
42808
43067
42822
43559
42637
42615
43321
43254
42632
42831
43421
42715
43061
42948
43021
43379
43145
43433
43310
43558
43041
43570
42741
43575
43528
42938
42836
43050
43274
42920
42865
43446
43330
43410
43518
43455
42648
43462
43006
43590
43106
42954
43252
43053
43247
42628
43038
42964
42891
42700
43206
43466
42626
42712
42878
42793
43251
43039
43321
43469
42730
42952
43046
42971
43342
43255
43340
42653
42792
43093
42705
43386
14463
14827
14226
14534
13945
14257
14149
14641
14752
14496
14736
14102
14492
14107
14293
14607
13927
14533
14794
14603
14648
14572
14342
14516
14290
14010
14758
14864
14422
14439
14192
14417
14325
14498
14484
14757
14193
14171
14334
14177
14301
14600
14365
14063
14482
13937
14793
14537
14063
14751
14022
14379
14629
14340
14702
14812
14834
14173
14245
14419
14476
14333
14645
14013
14250
14616
14319
14217
14529
14466
14015
14425
14608
14627
14101
14303
14911
14248
14703
14375
14520
14039
14211
14379
14333
14424
14921
14804
14889
14637
14068
14569
14372
14258
14641
14134
14441
14484
14131
14066
57478
57380
57300
57470
57719
57159
57279
57368
57637
57496
57485
57548
57610
56841
57408
56957
57028
56951
56982
57515
57379
57508
56782
57187
57146
57422
57046
57489
56989
57521
57597
57483
57009
56852
57399
57500
57588
56929
57449
57050
57408
57257
56907
57446
56879
57209
56788
56765
57750
57301
57279
57559
56918
57071
56788
57300
57134
57125
57717
57152
56847
57744
57204
57083
57144
56948
57345
56901
57571
57053
56939
57372
57220
57063
57478
57012
56835
56850
57602
57403
57049
56778
57182
56982
56923
57022
57480
57712
57302
57099
57224
57743
57091
57477
56865
57046
56853
57361
57137
57158
22208
22390
22740
22131
22528
22502
22371
22580
22430
22306
22313
22273
22780
22896
22378
22791
22199
22520
22647
22366
21952
22077
22447
22855
22896
22442
22099
22175
22547
22527
22234
22369
22541
22639
22760
22114
22676
22612
22065
22710
22748
22307
22667
22803
22432
21967
22319
22138
21998
22114
22790
22444
22685
22152
22195
22449
22238
22569
22585
22624
22861
22174
22707
22586
22264
22870
22123
22674
22103
22563
22596
22621
22403
22844
22526
22004
22809
22596
22332
22360
21926
22598
22205
22885
22440
22717
22148
22655
22714
22267
22812
22082
21961
22602
22881
22111
21955
22565
22908
22864
40164
40096
40504
40047
39902
39777
40367
40399
40456
40218
39789
40155
40468
40140
40344
40206
40472
39789
39883
40269
40280
40288
40429
40524
40529
39840
40351
40246
40147
39813
40021
39810
39894
39966
40617
40211
39809
40378
40560
40033
40066
40273
40040
39855
40672
40601
40532
39752
39850
39687
40170
39724
39920
40472
40429
40157
40185
40651
39834
40443
40242
39951
39719
40339
40320
40018
40295
40038
40676
40076
39856
39718
40328
40480
39822
39943
40291
39862
40269
40655
40028
40241
39688
40060
40171
39754
40051
39997
40571
40448
40325
40037
40206
39930
40561
39766
39915
39894
40129
40377
12388
12613
11868
12852
12041
11871
12733
12641
12589
12679
12228
12280
11957
12746
11909
11890
12239
12275
12448
12730
11902
12468
11980
12276
12620
12712
12413
12859
12516
11960
12305
11988
11899
12313
12801
12635
11932
12349
12141
12863
12795
12163
12745
12304
12688
12407
12592
12495
12546
12275
12741
12845
12611
12090
11967
12688
12378
12152
12381
12346
12724
12541
12201
12483
12426
12575
12713
11881
12528
12302
12192
12628
11892
11913
12756
11939
12823
12364
12106
12227
12837
12008
12283
12155
12358
12861
12000
12341
12218
12356
12553
11916
12022
12615
12179
12437
11926
12578
12529
12285
1226
1302
1093
1310
782
1247
569
616
787
1350
864
1271
753
1048
1434
509
623
1449
1247
789
966
1297
1052
1179
1109
678
1356
567
998
1041
1394
1279
1106
745
1186
541
922
1179
1245
834
1367
545
1340
563
1420
546
1290
924
476
509
647
507
504
717
907
678
569
1343
1237
1287
1265
1222
1434
836
1371
984
988
1454
1338
1260
743
1329
981
1081
606
1182
663
1383
841
544
524
815
1202
730
478
717
579
1280
1275
877
1234
1316
756
1103
1355
1127
1233
930
1083
1380
25380
25339
26235
26182
26158
25476
25535
26005
26017
26214
25967
25980
25946
25670
26207
26185
25801
25424
26040
25833
26082
26179
25476
25733
25476
25679
25408
25610
26056
26136
26006
25752
25605
25864
26018
25674
25750
25950
25905
25347
26085
26154
26097
25865
25969
25648
25859
26106
25550
25772
25759
25920
25390
26117
25538
25607
26073
25924
25808
25432
25601
25550
25957
26007
26040
25840
25469
26150
26247
25307
25733
25403
25973
26119
25550
25502
25504
26218
26140
26196
25596
26165
26190
25561
25306
25313
26150
26164
25516
26192
25666
25770
26107
25503
26015
26005
25341
26228
26064
25710
6665
6651
6934
6873
7134
6837
7271
7457
6992
7442
7202
6991
7247
7116
6538
7378
6617
7307
6916
6738
6760
7278
6524
7272
6739
6871
6744
7130
6831
7155
6901
7189
6734
7227
7287
6749
6755
6856
6889
6615
6670
7198
6475
6533
7069
7274
7286
6846
6698
6788
6828
6690
7038
7270
6542
6576
6588
6924
7139
6790
7339
6868
6537
6976
6560
6515
7446
6942
7333
6974
6581
6981
7263
7136
6517
6995
6975
7141
6664
6732
6557
7229
7209
7309
7406
6722
7067
7119
7131
6522
6722
7185
6773
6668
7392
6789
7062
6633
6822
6861
20586
20391
20989
20869
20538
21221
21263
20876
21234
20330
21203
20294
20931
21101
20981
20376
20501
20453
20647
20492
20821
20401
20300
20602
21218
20502
20403
20753
20379
20814
20576
21263
20516
21166
20489
21228
20555
20440
21037
21015
20802
20574
20516
20924
20915
20380
21188
20406
20380
20557
20970
20963
20701
20557
20483
20876
20741
21244
20354
20749
20976
21272
20573
21109
20389
20586
20792
21281
20970
21233
21029
20863
21206
21120
20824
20944
20411
20964
20784
21031
20694
20346
20461
20379
21201
20883
20796
21275
20833
20677
20510
20730
20921
20800
21189
20468
20371
21237
20569
20472
41977
42309
42216
41963
42174
41754
41736
42559
41822
41989
42605
42210
41772
42365
42062
42516
41834
42531
42311
42551
41850
41869
42454
42660
42355
42356
42114
42230
42485
42228
42260
42206
42695
41930
41797
42337
41729
42603
42365
42231
42614
41957
42503
41757
42515
41841
42624
42470
41953
41845
42136
42179
41786
42099
41719
42121
42094
41870
41953
42022
42125
41848
42074
42138
42555
42681
41881
42316
41922
42662
42173
41940
42271
42136
42145
42331
42640
41914
42688
42532
42409
42301
42288
42383
42138
42401
42559
42434
41826
41699
42310
42161
41812
42689
41859
42074
41888
42223
41784
42575
23726
24010
23642
23855
23679
24303
24269
24394
23636
23589
23527
24389
23830
24394
24156
24018
24405
24082
23585
24305
23840
23817
23717
23514
24287
23657
23555
24024
23821
24423
23682
23963
23922
24327
24085
24322
23713
24268
24440
23479
23829
23890
23506
24082
24201
23917
23586
24289
24391
24382
23990
24071
23952
23686
24422
24365
24138
24473
24318
24128
24099
24038
23975
23623
24212
24341
24263
23795
24100
23616
23938
24336
23762
23729
23902
23932
24144
23922
23756
24086
24292
24271
23528
24277
23772
24067
24433
24190
24010
24311
23510
23508
24375
23511
24176
23545
23789
23707
24468
24476
7127
6494
6784
6971
7086
6326
6816
6610
6782
7081
7181
6914
6583
6845
7202
6841
6275
7131
6785
6449
6788
6690
6596
6905
6407
6878
6238
6374
6959
7001
6658
6952
6897
6404
6497
7053
6270
6370
6492
6316
6757
6330
6338
6421
6378
6338
6893
6621
6672
6326
6948
6340
6827
6919
6828
6679
6413
6315
7097
6640
6971
6451
6946
6520
6337
6900
6664
6907
6610
6296
7073
6631
7196
6908
7199
6420
6583
7176
6989
6329
6720
6245
6729
6845
6456
6359
6841
7160
6237
7124
6667
6564
6640
7010
6878
6658
7027
6460
6760
6782
49953
50232
49967
50402
50037
50085
50061
49930
50239
50495
50132
49690
50435
50318
50378
50201
50265
49609
49626
50508
50127
50301
50100
50434
49577
49742
50238
49607
49745
50187
49622
49979
50244
49887
50557
49617
49575
50407
50431
49815
49832
49637
50547
50084
50007
50457
50441
50071
50017
49875
50389
50073
49942
49953
49836
49705
50236
49921
50479
49993
50435
49618
49926
50274
50426
50532
50405
50438
50274
49959
49913
49819
50053
49647
50346
49914
50027
49953
49946
49730
50054
49718
50480
49690
50415
49711
50520
50513
49813
49888
49697
49739
49580
50155
49815
50143
50527
49868
50380
49604
736
724
812
1628
1606
1400
705
727
804
1422
969
1118
1450
891
913
983
1395
798
1461
1482
1126
915
1119
1328
871
1182
1378
1394
1510
1182
1025
1499
1272
866
758
1075
1543
1018
1692
771
886
765
774
898
1133
1147
1586
1670
1551
1326
1152
1418
818
836
912
1245
1128
1377
1185
1593
1621
797
1599
1227
847
949
858
1525
1212
1423
1647
834
850
940
1342
937
1443
1525
1591
843
1577
1446
1044
1494
1444
1670
1621
753
1659
1407
1613
1217
1026
850
1329
1479
1602
1693
1442
1477
40356
41062
40920
40612
41051
40539
40909
40436
40795
40718
40354
40462
40793
41088
41066
40645
40510
40931
40448
40667
40459
40691
40266
40797
40258
40556
40546
40765
40521
40814
41028
40931
40917
40157
40992
40967
40329
41062
40836
41099
40573
40230
41091
40886
41052
40488
40573
40798
40102
40562
40426
40528
41002
40888
40608
40502
40904
40631
40761
41033
40431
40705
40317
40326
40925
40750
40921
40487
40228
40698
40126
41043
40619
40926
40724
40650
40780
41054
41094
40869
41054
40319
40499
40375
41028
40441
41059
40766
40437
40702
41015
40848
40732
40457
40711
40873
40594
40827
40934
40185
64842
64952
64358
64732
64802
65243
64681
65015
64787
64865
65031
65272
64904
64865
65063
64939
64619
64490
65234
65055
64809
64364
64624
65205
64398
65273
64414
64949
64961
65152
64478
65011
65304
64642
64575
65226
65191
64788
65047
65060
64552
64619
65327
64902
65280
65187
64599
64814
64692
64738
64576
64925
64484
64664
64484
64355
64387
64468
65083
64401
65013
64901
64691
65013
65319
65283
64539
64335
65098
64952
64430
64880
65325
64825
64830
64862
64802
64539
65062
64889
65042
65165
64768
64735
64973
65248
64538
64789
65267
64802
65001
65276
65187
65119
64720
64693
64606
64331
64640
65209
28911
29053
28367
29157
28531
28356
28719
28861
28647
28562
28736
29076
28838
28528
28521
29235
28857
28968
28811
29132
28584
28514
28924
29071
29094
28640
28762
28634
29234
29016
28428
28713
28560
28717
28434
28346
28789
28974
28469
29030
29165
28864
28940
28617
29033
29246
28481
29184
29010
29066
28562
29081
29155
28623
29121
28516
28781
28880
28353
28395
29267
29122
28504
28336
28640
28715
28979
28604
29059
29048
29281
28422
28668
28686
29003
28464
28702
29054
28981
29095
28646
29079
28510
29203
29257
28772
28664
29163
29055
29162
28479
28629
29182
28974
28531
28598
29252
29202
29150
28367
59941
60180
60311
60494
60678
60526
60343
60649
60560
60784
59891
60389
60603
60310
60263
60751
60082
60060
60786
60618
60158
60370
60013
60251
59965
60305
60602
60187
60341
60038
60215
60239
59999
59854
60377
60596
59938
59920
59874
60219
60807
59864
60121
60762
60544
60046
60704
60755
60402
60465
59929
60595
59909
59968
60670
60455
60456
60364
60541
60242
60029
59848
60342
60729
60408
60774
60462
59993
60480
59869
60362
60784
60506
59968
60206
59867
59964
60093
59905
60442
60467
60455
59906
60206
60421
60250
60358
60380
60179
60781
60094
60206
60474
59889
60226
59928
60293
59974
60155
60325
20441
20300
20862
20323
20479
19941
20526
20397
20097
20064
20335
20216
20149
20094
20007
20479
20640
20779
20304
19941
20172
20746
20894
20614
20167
20198
20262
20208
20545
20013
20225
19940
20106
20586
20055
20455
20008
20900
20705
20812
20462
20754
20903
20118
20383
20821
20800
20451
20304
20334
20395
20515
20572
20622
20322
20689
20768
20258
20447
19949
20014
20400
20572
20908
20615
20758
20423
20462
20487
20103
20418
20803
20028
20035
20912
20158
20547
20551
20503
20192
20896
19964
20013
19959
20217
20717
20823
20710
20627
20283
20411
20421
20042
20716
20714
20527
20323
20356
20833
20445
18441
18935
18746
19300
18705
18685
18636
18868
19242
19094
19279
19185
18676
19166
18735
19194
19236
18930
19085
19096
18651
19163
18976
19082
18822
18942
19269
18373
18613
18571
19253
18753
19008
19058
18316
19109
18573
18500
19248
18455
18363
19046
18518
19204
18403
18958
18826
18791
18618
19292
18645
18774
19297
18398
18526
18534
18850
18499
19177
18513
19254
18937
19278
18554
19187
19043
19091
18376
18821
19029
18423
18599
18564
18854
18681
19149
18336
18629
19200
19100
18864
18690
19110
18443
18347
18735
18314
18330
18447
19135
19218
18698
19044
18670
18691
19299
19183
18740
18945
18837
22864
23111
22993
22607
22955
23225
23279
23208
22731
22650
22947
22705
23023
23099
22886
23079
23214
23598
23071
23432
23524
23173
23370
22642
23448
22607
22651
23038
23467
23421
23347
23112
23507
22968
23365
23041
23434
23364
23340
23513
22728
23358
23262
23544
23426
22870
23548
23381
23053
23483
22936
22760
23504
22788
23500
23189
23031
22839
23125
23166
22832
23177
23290
23575
23518
22753
22721
22749
22762
23167
22898
23598
23106
22785
22850
22667
23347
23100
23260
23392
23183
23021
23104
23233
23074
23424
23562
23245
22781
22905
23020
23529
22705
23440
23202
23044
23249
22812
23377
22699
57433
57530
57527
57464
57337
57329
58009
57401
58107
57708
58202
57490
57482
58072
58215
57982
57806
57961
57299
57606
58182
57833
58247
57843
57826
58233
58243
57570
57427
57527
58037
57704
57937
57422
57862
57397
58218
58064
57735
57382
57762
57834
57768
57723
58182
58076
57310
57970
57624
58183
58092
58069
57308
57677
58156
57913
58225
57739
57965
57439
57428
57367
57608
57449
57809
58092
57382
57928
57282
57926
58181
57319
57709
57877
57308
57413
57860
57793
58050
58199
57761
57559
57302
57681
57770
57361
57363
58100
57494
57506
57340
57511
58245
58108
57687
58118
57831
58274
57883
57408
53662
53452
54374
53864
53617
53630
54362
54368
54235
53658
54379
53978
53927
53482
54373
53776
53416
53913
54007
53857
53938
54269
54208
53924
54099
53621
53584
54277
53460
54144
54158
53529
54287
54214
54137
53672
53636
53723
54000
53955
53829
53982
53726
54212
53796
53742
53735
54118
53698
53994
53867
53783
53855
53774
53799
54290
54129
53412
53920
53984
53785
53900
53784
53642
54134
53461
53643
53537
53636
53967
54351
53501
54233
53869
53972
54062
54332
54161
54051
54231
53564
54131
53719
53585
53871
54365
53895
54186
53613
54151
54086
53812
53914
53500
53814
54234
53502
53581
53996
53837
56509
56410
55895
55933
55944
56201
56575
55826
56253
56627
55983
56476
56333
55853
55885
56052
56265
56573
55720
56173
55952
55728
56089
56315
55774
55853
56369
55707
56551
56615
56245
56333
56090
56246
55861
55942
56549
56539
56504
56103
56113
56137
56376
55791
55826
55689
55795
56642
55651
56177
56116
56374
56577
55834
55751
56486
55959
56575
56612
56571
56165
56583
56132
56056
56245
56635
56070
55964
56270
55713
55881
56085
55670
56252
56646
55904
55675
56257
55831
55980
56096
56388
55727
56381
56156
56298
55706
56126
56532
56010
55877
56005
55680
56607
55991
56047
56032
56397
56184
55988
45670
45570
45462
45153
45735
45338
44953
44835
45741
45468
45629
45448
44984
45020
45500
44981
45637
45548
44972
45527
45454
45784
44961
45034
45665
44860
45017
44854
45755
45283
45102
45475
44823
45410
45308
45263
44995
45062
45169
45039
45331
45635
45365
45328
45376
44857
44873
45509
45705
45767
45026
45175
45671
45651
45134
45696
45780
45354
45359
44843
45590
45321
45153
45010
45338
45772
45517
44997
45146
45271
45398
44878
45648
44943
45676
45721
45445
45753
45032
45680
45727
45632
45554
45051
45377
44999
45054
44896
45312
45607
45114
45342
45030
45488
45580
45647
45539
44857
45112
45497
35110
35592
35492
35157
35547
35550
35645
35830
35024
35032
35392
35824
35237
35340
35306
35824
35433
35747
35246
35581
35308
35639
35318
35726
35443
35268
35620
35876
35450
35408
35641
35652
35704
35756
35285
35162
35897
35332
35136
35697
35857
35519
35422
35121
35861
35694
35303
35461
35302
35078
35187
35402
35779
35329
35866
35730
35453
35749
35981
35075
35128
35665
35134
36001
35039
35763
35662
35535
35404
35762
35066
35960
35917
35234
35482
35303
35120
35264
35536
35063
35938
35862
35822
35392
35488
35438
35144
35772
35075
35853
35604
35569
35125
35308
35388
35033
35886
35707
35941
35298
3050
2661
2594
2951
2932
2154
2690
2726
2769
2970
2192
2938
3116
2489
2673
2559
2283
2173
2470
2227
2984
2543
3106
2903
2255
2841
2535
2285
2592
2424
2263
3014
2757
3045
2815
2867
2825
2661
2803
2467
3087
2551
3111
2251
2475
3097
2373
2769
2689
2337
2539
2216
2486
2579
2630
3064
2418
2849
2919
2576
2335
2398
2153
2831
2694
2741
2561
2226
2353
2526
2359
2812
2913
2781
2155
2215
3008
2917
2817
2237
2580
2184
3030
2244
3088
2851
2340
3121
2638
3111
2512
2705
2431
2894
2793
2916
2530
2432
3103
2749
3552
3406
3661
3078
2958
3043
3489
2804
3533
2781
3417
3455
3034
3174
2887
3219
2697
3251
3359
3243
2960
3059
3450
2832
3072
3429
2989
3547
3456
3650
3264
3462
3182
2917
3600
2982
2761
3525
3692
2781
2883
3613
2970
3054
2773
3275
3287
3288
3480
3209
3597
3453
2764
2700
3243
3321
2870
3018
3022
3374
2904
2782
3377
3467
2858
3067
2874
3530
3151
2767
3392
3013
3019
3600
2984
3298
2840
3388
2724
2921
3373
3162
3076
3572
2879
2728
2899
3627
3312
3076
2898
2768
3174
3621
2776
3308
3271
3015
2863
3563
59730
60193
60553
60354
60043
60294
60493
59817
60540
59997
59814
60049
60386
60234
59970
60069
59963
60707
60404
60340
60447
59865
60503
60341
60414
59935
60279
60011
60332
60335
60713
60546
60381
60721
60090
60168
59821
59876
60236
60245
60282
60311
60371
60542
59845
60718
60429
59881
60192
60065
60018
60253
60356
60364
60473
59826
60206
60495
59842
60589
60589
59739
60507
60617
60581
59856
60416
59991
60045
60624
60478
59884
60397
59771
60354
60704
60650
60713
59898
60589
60158
60578
60504
60012
59767
59796
59960
59777
60326
59898
59986
60618
60585
59990
60193
59979
60093
60264
59954
59989
12832
13069
13244
13182
12742
12839
12483
13234
12676
12771
13095
12715
12893
12426
13279
12740
12847
12833
13298
12598
12948
13164
12658
13289
13046
13040
12935
13276
12939
12507
12555
12884
13211
12816
13117
12471
13182
12464
12922
12897
12566
13125
12501
12707
13191
12977
12980
12664
12657
12950
12638
12681
12435
12407
12503
12414
13029
13104
12684
13394
12943
13263
12891
12682
13115
12836
12670
12862
12926
12788
12740
13190
12485
13164
13104
13334
12542
12639
12441
13306
12765
12627
12796
13104
12781
13086
13051
12896
12549
12479
12732
12469
13241
12687
13111
13160
13228
13074
13075
12532
31579
31131
31885
31679
30916
31775
31051
31905
31029
31542
31619
31371
31637
31453
31278
31743
31816
31018
31324
30987
31656
31574
31537
31857
31257
31516
31422
31142
31643
31713
31680
31738
31351
31857
31153
31285
30930
31297
31315
30941
31551
31443
31501
31430
31157
31272
31724
31653
31275
31546
31673
31414
31044
30916
31291
31337
31462
31713
31518
31819
31183
31895
31323
31510
31156
31585
31768
31496
31606
31587
31644
31494
31292
31110
31345
31343
31640
31491
31841
31116
31461
30996
31280
31343
31642
31314
31715
31780
31074
31613
30949
31556
31666
31767
31212
30933
30982
31608
31894
30951
47771
47366
47762
47463
47382
47605
47662
47704
47443
47383
47620
47856
48176
47916
47543
48141
47539
47676
48164
47453
47370
48224
47488
47496
47861
48068
47920
48262
47971
47367
48313
47621
47648
47827
47884
48155
47501
47911
47558
47622
47946
47502
48275
47925
48025
48325
47642
47741
47585
47427
47816
47412
47808
48041
48192
47853
47889
48007
47386
47578
47755
48262
47553
48342
48163
48021
48067
47713
48249
48348
47963
47984
47967
47612
48169
47804
48137
47373
47993
48094
47931
48313
47861
47459
47405
47505
48064
48332
47501
47911
48145
47725
47474
47398
47705
48000
47653
48043
47669
48345
55521
56326
55982
56293
56407
56045
56086
56098
55979
55704
56240
56202
55853
55780
55663
56188
55701
56100
55681
56202
56108
55730
55566
56162
55506
56348
56343
55693
55815
55979
55631
55549
55857
55858
55854
56260
56167
55976
55828
55842
56035
55488
55799
55965
56082
55929
55657
56159
55493
55480
56415
56072
55685
56221
55898
56273
56049
55777
55780
56287
56264
55634
55616
56139
56151
55519
55659
56166
55839
55604
56282
56141
55515
55662
56382
55623
56178
55671
55984
55783
56166
55633
55987
56205
56104
55437
56264
56286
55656
56079
56416
55951
55653
56363
55714
55879
55831
56171
56191
55516
59837
60064
59719
59691
59904
59816
59374
59877
59927
59310
59665
59233
60066
59762
60039
59228
59648
59962
59210
59968
59797
59826
59362
59868
59204
59710
60017
60067
59886
60068
59913
59748
59479
59701
59297
59289
60036
59187
59948
59802
59480
59552
59306
59458
59583
59499
59951
59287
59202
59826
59311
59742
59209
59489
60154
59215
59902
59656
59534
59995
60128
59289
59581
59932
60157
59293
59505
59496
59456
60090
59225
60075
59656
59752
59549
59544
59679
59384
59492
59991
59236
60094
59711
59224
59799
60120
59285
59675
59304
59434
59542
59680
59612
59360
60010
59206
59892
59796
59371
59656
26925
26520
26757
26560
26651
26402
27050
26434
26575
26383
26175
26513
26838
26410
26706
26914
26472
26875
26145
26149
26198
26211
26278
26493
26562
26355
27020
26385
26952
26178
26940
27082
26191
26644
26761
27068
26894
26130
26703
26261
26731
27084
26857
26158
26445
26643
26906
26536
26563
26272
26538
26435
27005
26712
26983
26316
26899
26183
26689
26256
26447
26860
26952
26676
26265
26606
26405
26282
26303
26770
26724
26688
26522
26630
26215
26828
26717
27023
26163
26400
26454
26809
27077
26713
26261
26786
26626
26572
26421
27037
26473
27067
27012
26999
26487
27045
26316
27093
26167
27110
47799
48010
47197
47906
47286
48075
47767
47907
47336
47323
47614
47654
48074
47458
47585
47924
47249
47350
47635
48031
47925
47556
47453
47761
47719
47673
47910
47920
47812
47904
47380
47678
48038
47547
47580
47936
47666
47729
48136
47331
47611
47848
47331
48034
47990
47950
47548
48164
47494
47393
47883
47622
47311
47469
47618
47225
48146
47765
47819
47246
47575
47887
47360
47850
47838
47777
47988
47558
47419
47550
47837
47208
47457
47642
47447
47372
48184
47565
48128
47982
48071
47337
47437
47866
47780
47965
47868
47468
47661
47278
48074
47236
47367
48047
47983
48033
48103
47400
47292
47881
20963
20865
21243
21284
21339
20792
20525
21232
20667
20671
21109
20986
20643
21467
20572
20879
20717
20965
20546
20875
21505
20815
20810
21383
21298
21026
21372
20799
21237
20843
20817
21011
20944
20554
20887
20911
20971
20737
21054
21367
20863
20568
20549
21033
21059
21412
20619
21436
21135
20792
20698
21256
20666
20617
21197
21160
21345
20649
21436
21030
21010
20681
21130
21274
20733
20535
20527
20839
20958
20511
21162
20968
21236
20638
20933
20757
21086
20726
20664
21045
20569
20765
20961
20995
21069
21361
21278
20865
20667
20837
20521
20620
20542
21036
20510
20980
21296
20669
20889
20702
45235
45894
45100
45167
45805
45350
45095
45236
45259
45766
45584
45324
45771
45816
45044
45274
44970
45720
45723
45625
45839
45661
45340
45431
45574
45844
45385
45050
45809
45018
45393
45860
45484
45795
45664
45751
45013
45242
45371
45279
45400
45054
45049
45139
45347
45173
45670
45349
45397
45413
45857
45722
45921
45530
45362
45953
45108
45467
45155
44972
45046
45562
45015
45506
45234
45610
45315
45860
45359
45638
45405
45284
45876
45929
45261
45860
45407
45019
45592
45908
45701
45094
45633
45815
45424
45108
45690
45636
45067
45038
45815
45219
45909
45502
45061
45072
45488
45531
45623
45803
44403
43888
44405
44262
44772
44275
44484
44224
44413
44516
44565
44226
44249
44444
44428
44074
44057
44115
44396
44021
44048
43856
44229
44697
44444
44003
44608
44207
44711
44582
44618
44252
43928
44374
44688
44091
44605
44211
44772
43892
44730
44199
43908
44296
44624
44507
44757
44183
43971
43863
44813
44600
44795
44198
44657
44472
44579
44658
44116
44705
44063
43861
44660
44345
44101
44092
44058
44146
43892
44137
43982
44683
43874
44294
43864
44454
43907
44527
44398
43993
43940
44235
44103
44296
44649
44183
44624
44552
44397
44329
44111
44083
44537
44446
44122
44191
44255
44485
44462
44245
57442
57275
56958
57353
57849
57142
57915
57369
57463
57448
57053
57605
57734
57695
57762
57243
57104
57434
57887
57375
57494
57169
57667
57634
57496
57659
57636
57274
57526
57332
57900
57304
56995
57085
57486
57699
57705
57007
57794
57406
57076
57012
57297
57614
57836
57156
57722
57069
57841
57749
57465
57670
57559
57175
57214
57763
57925
57209
57604
57520
57025
57638
57424
57422
56989
56956
57810
57358
57884
56987
57492
57340
57490
57605
56950
57380
57257
57883
57093
56992
57294
56951
57760
57139
57472
57319
57363
57127
57765
57121
57709
57146
57328
57928
57177
57870
57210
57835
57428
57172
21615
22000
21647
22039
21443
21382
21645
21862
21556
21626
22017
22343
21551
22318
21606
21968
21910
22302
22335
21497
21674
21821
22333
22135
21852
21697
21670
21830
21690
22042
22318
22115
21871
21455
22294
21879
21812
21958
21467
22052
22302
21883
21677
21529
22265
21350
21503
21828
22005
21973
22185
21599
22280
21441
22235
22335
22297
21779
21684
22086
21583
22128
22207
21622
22208
21825
22065
21682
21426
22118
21772
22024
21889
21711
22249
22263
21766
21347
21814
21590
21355
22287
22219
21947
21813
22329
21642
22170
21433
21492
22183
21984
21747
21461
21939
21954
21853
21586
21884
21638
50643
50570
50530
50185
50567
50670
49941
50342
49750
50524
49840
50367
49844
50219
49886
50521
50270
50225
49846
50717
49788
50697
50576
49965
50197
50430
49777
50639
50490
49793
49938
50631
50378
50156
50696
50421
50606
50522
50236
49753
50111
50166
50097
50321
50714
49914
50572
49826
50143
50082
49946
50543
49783
50534
49878
50298
49810
49903
50081
50564
50592
49848
49947
49792
49798
50157
50323
50122
49847
50123
50449
50190
49920
50373
50653
50400
50025
49748
50684
49970
50573
50531
50257
50455
50477
50408
50507
50455
49797
50580
50278
50153
50480
50338
49953
49863
50455
49967
50446
50327
13337
13520
14274
14208
13487
13482
13666
14165
13613
13611
13829
14133
13497
14074
14176
14272
13589
14147
14241
13801
13851
14133
14308
14058
13774
14057
13800
14076
14228
13369
13451
14235
14068
14266
13644
13497
13785
13666
13734
13867
13434
13927
13809
13988
14251
13788
14286
13457
13681
13927
13449
13436
14028
13373
13923
14021
13526
13627
13345
13497
13349
14112
14120
13428
13438
13409
14014
13371
13511
13760
14229
13523
13419
13367
13330
13620
14312
13549
13799
13848
13548
13588
13569
13410
14304
13566
14192
13898
14083
13813
13336
14052
13404
13834
14222
14196
13345
13627
14262
13887
12988
12991
13132
12567
12334
12286
12789
12996
12280
13112
12445
13082
12850
12650
13206
12775
13113
12667
12532
12278
12295
12481
13080
12729
12806
12983
12961
12804
13119
12650
12543
12444
12739
12292
12640
13104
12421
13219
12718
12650
12399
12739
12386
13138
12827
12870
12304
12409
12561
12829
12462
12548
13010
12254
12289
12319
12674
13020
12889
12972
12635
12976
12767
12403
12937
12479
12928
12596
12543
12432
12734
12773
12972
13207
12473
12942
12872
12932
12290
13218
12491
12282
12958
12365
12462
12420
13101
12902
12457
12959
12774
12744
12260
12780
12269
12698
12699
12441
12740
12969
