7205
58567
57508
7572
11631
56921
5996
17086
59660
39677
61317
47786
19779
8890
439
26384
14011
38201
8085
27426
22911
21831
10900
65119
60514
22167
60545
32690
46194
348
49516
49170
53522
50743
10797
956
39118
64565
44861
24431
48484
7844
44695
17333
22956
5921
25084
8307
29149
34057
4735
35212
6209
46612
42965
52557
53566
27098
34709
13248
49290
35949
49839
47873
64097
3100
22107
2977
32923
53052
25105
26130
47198
55987
53908
21075
14265
34208
21505
45257
33425
3458
32753
32206
7461
26872
3905
42531
16304
29216
25040
3468
45065
60258
64743
45009
63621
6772
27648
9320
46481
46714
14744
45384
37017
55099
36393
49608
37575
28072
63568
37176
1197
15385
49236
57396
63977
36831
31881
30905
19762
24613
34559
5912
1134
19672
14316
33099
16836
50430
34663
25360
63814
1605
36003
18469
54144
44465
17072
7698
23163
8936
22193
17816
12665
42386
31780
7790
18787
28450
30372
58469
64519
16239
53661
59543
32122
55160
28803
39737
9282
32224
50901
6915
50606
26921
60304
18665
58200
6996
52626
2810
32432
41557
6513
39551
20551
57090
31138
41115
27317
29063
21157
2734
60318
19951
6220
60675
39670
15349
30956
62272
49341
33259
65173
1401
48718
40269
25761
14571
22770
22065
1701
8931
36672
32947
7177
39174
46949
57795
25028
26246
15293
61184
30040
59996
26635
11393
50363
46618
46654
15556
30382
37467
2084
51588
1262
50
63875
41434
15158
63248
57444
21537
58382
28967
26016
6889
41087
37088
14945
6284
29189
17086
17035
29787
38455
19732
4498
3047
54742
55626
64744
62231
55809
13285
36961
19174
49564
22381
42056
32302
14794
22089
45205
20117
3832
32351
27232
31348
8264
171
1644
48197
39279
45166
38525
3440
8071
8664
44091
23381
36378
2927
15785
64928
5699
33917
55871
45695
51078
27946
1760
9417
19569
29417
47473
10952
12087
6295
62614
6775
1633
18995
29707
13119
14778
27819
53612
25059
56576
57502
59762
34789
12414
45478
48708
12857
15492
57148
28197
16509
20071
15492
40263
1023
9478
2606
22949
6478
42376
55533
57070
65427
24888
6232
37096
16997
1336
17965
38832
45185
51068
41498
6188
28774
28836
26390
24249
39718
34962
10651
65509
33532
18181
43157
36666
16857
42819
6653
42762
21159
22624
40695
34603
30882
21103
46924
43181
20964
10845
7354
58333
10666
44951
43475
35795
7479
47440
14497
45991
62468
11752
57011
27873
50092
2326
40503
61111
38405
1434
53853
62700
31445
40264
17807
30401
8083
59491
44879
43658
18820
57985
25409
55608
8394
29793
18309
49050
58880
44852
12823
31020
55174
56453
2678
62229
55016
15301
14423
41820
54691
5099
57832
37121
62039
26657
20552
46765
20238
17200
37622
8992
25971
32513
56527
27238
11162
29540
37630
31193
34317
18615
12358
15787
64841
50327
713
61538
1213
8035
54867
9573
16698
3201
27136
30861
26368
1725
54284
36313
7215
19141
60699
1963
1378
12988
33298
8137
52649
50259
32567
27979
9950
46901
19190
2608
63336
35024
7403
11687
32825
7916
3752
44125
15056
20565
23393
14520
2
52452
45742
57783
60469
7355
51884
63348
56627
15393
2711
13878
9727
57443
14134
2528
48376
41793
33105
62718
43409
61004
56649
65489
16537
36459
9685
35236
43592
22244
27500
56640
12311
33793
53228
39744
3133
28462
9332
64039
59147
7646
64509
729
56932
44290
42216
64845
24852
23931
35133
23286
29022
40629
61274
21477
5606
39753
45210
8400
27852
992
62305
56958
65313
23534
15026
50393
1094
60628
62363
10170
39347
40634
19799
31979
64663
60263
35725
18032
34106
24921
58312
41918
37563
48566
23505
34043
42305
7917
45393
22584
23297
41899
58434
62060
20758
59324
29263
63541
14304
26330
27800
62391
16223
30174
33423
54364
9813
29808
52528
54915
48339
13450
44646
3964
43575
22611
49419
5168
6857
34379
50514
41949
60388
45871
43758
59697
60881
10636
57067
34618
9724
45186
50504
38749
57719
57993
18121
62105
43596
5648
21013
27749
31262
50284
34733
39679
32546
24677
16253
53651
21356
8687
1328
32294
38262
14737
32686
40186
47203
28504
47574
24218
28665
64294
43789
42981
2755
21969
227
1347
16433
10763
31754
22587
37888
22327
101
54719
2703
21920
56424
6401
54768
48443
46578
14617
22377
58120
18866
62338
2697
40995
28839
41707
23832
44150
26272
18013
31460
61915
47107
26229
33353
57391
26104
1133
32510
25760
18510
10144
36684
5068
30544
17141
12891
13066
13349
22303
40078
23824
62111
51971
29938
41661
7206
25248
51263
31584
7978
43393
28983
11777
15343
49145
22644
33786
46665
27721
6991
46971
37599
10581
51072
39655
35412
4176
26899
33344
26192
40269
31752
21713
56217
40176
2395
18662
25010
43643
1434
38945
40279
12947
49792
10245
40947
62865
35939
16800
47815
33609
28271
12413
12980
43199
19210
44702
37642
11794
2112
50823
25396
16295
10009
32065
46196
51966
52549
26877
64686
19750
28552
59784
2069
38223
9051
63656
7304
10802
38624
65133
51785
53400
16523
34519
40849
50365
20322
52186
61153
20367
9154
15191
17771
4298
10662
64897
38598
48666
10847
7756
50097
10097
13960
35162
1126
60591
3172
22752
1007
22751
30491
50830
32566
21396
41119
31773
52305
17755
45382
22516
19505
28075
17625
17837
47227
14423
11361
58057
36564
25052
59711
54652
47735
34089
5837
13024
63518
16515
65347
533
33254
6666
3362
32990
21294
42528
57690
12490
46524
64981
7001
19410
30150
53232
49613
63495
17211
64700
25339
45692
62990
43505
64955
51886
15254
29576
29507
12260
21788
3667
42137
17294
58992
51993
19473
40548
8656
40909
65242
60107
11906
4745
21987
40100
5254
55038
64836
64244
60461
3045
43234
38050
37140
2616
44447
32992
7034
35857
39698
19772
45805
14742
31055
40791
6499
13290
6381
13910
47024
5347
49266
62824
44151
21530
45267
8673
55894
51492
41731
9634
62372
16179
48686
18636
27703
6156
9307
62300
47195
50321
26632
30762
5838
33077
5894
52400
54997
19253
61093
2788
60136
47927
57474
26276
9587
54786
20317
35559
3737
59453
8761
18155
26336
12872
23319
28949
26907
39081
61921
19616
16863
21067
40881
49545
7956
10507
51921
34068
2013
55174
3732
25253
19260
63191
9691
540
44141
24494
13806
21751
91
10525
1270
63578
16290
50
9012
23287
64957
46812
62118
46005
2127
34035
18132
16101
32476
2714
53344
13991
12354
19211
41611
39994
2996
62796
36132
12359
3656
9733
458
41158
41501
51946
45509
39230
29741
64492
6437
56875
9934
36467
8734
32390
42581
29371
6609
38903
931
41739
47544
63846
63029
54204
45330
46073
54735
41064
55452
50122
32095
557
8156
35994
2462
23386
5452
29524
28656
11930
30733
61315
64964
33806
15550
9304
64895
57957
42100
44106
884
23208
58345
16120
3653
11375
49903
2530
23475
56178
42600
54096
61848
62983
20894
14256
11462
29204
42689
22304
41035
21275
32981
12707
10321
3621
41315
63418
12894
2608
4733
33238
5796
49638
64512
23272
58732
22667
56674
27562
45685
17130
43757
36080
7930
24590
19199
30391
60758
17125
55168
38537
32372
20170
60236
13364
4718
23756
1161
58729
19855
36264
2554
28084
37744
28504
17912
29503
63556
46386
27637
55901
38093
51453
4699
56984
30179
1759
32086
19867
40399
40541
57210
10603
36258
9812
21962
31776
14542
3263
32820
57376
9187
19021
30128
52040
59246
24287
61890
63158
56374
5117
18911
51450
1524
58917
23467
46921
17702
12140
24425
40121
6054
52854
12438
1380
56276
3982
63793
30390
62073
51949
50041
53208
20315
26258
24662
53615
57110
27582
60964
55897
35327
60669
25290
30315
38085
34664
39183
60778
64647
52231
42650
33837
7096
37046
9710
34196
51569
54020
35777
49215
55619
45225
45290
26337
12916
12641
53973
1134
28130
37176
39258
26590
44839
54162
63350
55064
14792
39041
5815
39664
14192
16027
32264
33812
24087
3549
29810
50000
61090
50780
31493
4511
42250
11626
42973
55332
36648
2889
40255
26606
30608
31208
9123
46732
35745
26137
674
43840
34038
3382
9048
12680
63590
33630
26319
23729
12239
53071
9080
33655
36229
55195
48982
7584
23917
10481
5170
30619
43689
46552
33719
57719
62751
21878
38321
52968
19725
9221
17126
14066
29569
8704
15362
31792
15714
25388
56861
3344
39781
43061
30691
4195
46340
31787
33906
19621
41279
22773
39573
63892
39955
50814
54409
54398
3158
59711
60522
15616
7111
39780
29837
15227
12936
18468
1512
55679
20778
46637
48927
17589
59556
52367
12063
33376
56599
35866
44150
48842
35598
23272
59244
11207
42314
58086
44983
5781
32973
61462
46639
13354
22648
188
56014
39222
45214
29883
24455
37190
10747
51029
43687
7910
57793
61711
52832
6319
39606
46057
27630
56152
10556
33219
34399
62853
24618
40044
32076
46533
16140
32935
17158
8206
12577
27836
36454
44672
39878
36476
54074
1179
30791
20104
8774
1370
36496
25056
4136
27331
59207
15902
56529
56377
13864
36959
7531
28236
25007
22779
64412
45378
36174
37272
51559
59723
29747
36197
50975
34844
24083
37971
10162
45447
33009
59563
14498
50097
61085
9653
54988
23942
23109
40264
31539
61880
26901
36000
47095
23532
5833
44239
18806
56682
48653
19239
5182
45939
59902
50494
278
39932
30645
64893
35179
42620
59064
47034
23469
48377
38857
19414
6788
12751
5672
19349
24874
13195
36381
37584
28620
12587
25709
63715
15853
58960
35637
39840
29788
57231
27318
25183
56660
23037
28690
59446
61678
39982
60173
50793
53092
54436
5185
38558
32172
53183
58124
41045
34811
33904
53821
18925
6536
53101
48413
36126
55931
26967
40752
41415
22415
16367
34147
58115
28296
23045
16014
60022
14074
62582
64705
46060
25236
4656
18252
52477
4551
31839
55388
31263
32745
17076
38914
29316
7788
6213
52401
10914
36991
47962
696
2341
2881
36952
9119
5463
26999
55414
33653
54887
46941
57501
46902
48137
3235
8402
54812
25222
14980
131
41229
61491
13476
39775
33644
59676
52057
25877
35175
61596
18609
53868
32725
41801
32343
19212
59498
29590
4933
18704
45381
21941
54485
64804
2834
42485
17249
24154
61508
49498
15942
22456
6761
36877
38771
17632
26691
63226
7637
50733
32441
14306
24538
45076
43250
28171
42422
28606
34466
10478
23757
3413
32719
6062
60965
37095
21027
58742
48313
57315
23793
34380
28422
31362
36375
33182
9739
58855
49004
53106
62119
14639
59034
48170
44226
4068
2232
23870
58573
621
60262
4423
52150
45277
49986
59307
25123
20800
40760
16964
20858
36941
63874
12563
12956
50327
62403
55720
10668
52745
35355
41738
4991
58104
7269
4624
17792
5374
32965
24697
34025
24963
30155
12193
13744
23226
32402
42008
47218
36448
33869
29919
52064
60407
13051
29869
11338
29149
43039
60700
11633
26958
40334
11763
52159
40295
5127
16866
52223
14443
27772
40110
35688
40526
1891
8683
58066
56341
12475
18118
30474
5274
45612
58514
27977
38495
36975
10561
31069
41883
43878
34699
14138
39975
58752
36103
3881
59875
33926
15276
5050
37138
46484
19566
12281
56281
5335
37485
16689
56452
42493
49148
11920
26166
30627
41883
47116
9673
43625
38263
15559
54885
24339
20510
19094
36689
11869
4065
4070
39186
39756
43287
17779
21727
4726
19400
58223
65133
49546
13251
32631
28824
47113
22173
16898
6172
8225
31019
3589
39325
25266
3903
3474
54933
57702
37760
53487
45220
21478
43889
61560
54456
39909
9343
12923
57574
2302
29303
35880
52496
1321
10110
51698
46830
9811
63288
10648
25409
14561
44352
61814
2502
54784
7503
27035
58226
34799
38085
37882
60094
38644
38113
1548
42457
52870
26746
32451
29254
14024
51707
17526
38181
548
1915
53864
24712
1481
2592
32319
32692
50597
3420
7123
36818
13001
4386
25077
10507
56443
50983
38852
39479
35128
2237
3869
21639
41099
20091
32533
27670
22693
19933
64048
20733
16360
50664
50292
30473
57443
55700
21060
59826
61244
1920
4789
32283
11657
10543
36737
32229
40219
13066
513
1878
57809
52886
45464
3540
47401
30219
48461
27724
9605
19492
2343
47269
41970
57970
12684
42131
23587
50104
41161
34148
35265
2940
48199
60142
22554
19278
44756
28431
16288
43722
22428
3284
28518
20811
36538
46879
26471
49202
12179
58264
34592
30543
12545
12035
26064
44553
43766
62380
31908
23106
12147
21916
27343
26502
53850
1864
23527
34978
7274
55894
43548
12955
42791
43700
16466
24273
51607
51017
13090
10108
30698
5780
7961
35670
32083
11942
46182
50617
1443
2238
22082
4010
12876
33270
12591
55477
29345
62005
10248
34699
30997
8235
33185
45900
45235
44290
30332
36512
61912
64280
46332
22668
47143
27445
43125
2501
61658
57174
2252
30912
13996
11550
61300
30524
34488
61623
30497
35414
20554
17739
8479
64466
37230
19891
26459
1256
34937
40612
14648
41856
64810
51395
32673
38733
11181
63726
49867
52746
35283
18640
1065
145
15033
50008
51930
26124
56308
43947
3087
34098
36636
43429
25402
36939
7886
7805
7935
14156
32896
48384
3767
2957
16254
34834
1271
11264
6892
5658
177
20009
59811
1406
9240
39194
50185
27409
61317
12027
64956
57923
5730
21809
5290
49044
48876
47728
60324
17525
59948
54202
22175
61420
33349
28932
40476
63733
16699
20966
22531
1732
64963
48239
18937
17439
60999
342
40920
35152
61907
39311
38304
65425
60861
2086
19794
31972
61173
43859
22184
37263
61288
41198
39072
48194
41775
28018
55035
14489
36031
45046
5510
60132
44316
51552
32925
47677
53101
15145
35488
47538
27978
16391
46604
28078
64527
56605
37508
21747
18447
42983
24512
17474
21711
42448
39872
641
31073
57801
46914
23401
50200
8401
46256
19876
33354
65526
45520
6250
10516
21470
23537
18754
57841
51861
57958
20159
42109
57439
62882
22603
55103
52558
50167
5524
8688
23937
39946
14365
53547
46321
53595
44476
22767
14229
7171
59444
39312
37789
32535
43930
9285
5309
44801
28757
40816
10314
49130
47837
30578
43854
64943
61195
62399
25965
26933
44204
37927
19987
6628
32023
45689
49651
41035
16672
51138
19002
40496
43390
35668
7271
56846
52744
29849
50172
17324
38579
29059
16222
62725
15666
45623
40348
25275
26132
65349
27855
33951
50847
18114
21286
7011
39655
25991
30849
11277
10100
49917
55773
24385
58126
58425
8786
54243
49164
23447
43209
5320
19813
55388
61547
53737
25202
60231
51779
13600
45927
11769
62027
16056
19445
51109
10426
42776
7540
35879
59485
31787
42999
14235
58063
64122
20692
20108
35202
17888
54674
52876
28766
63397
18820
25014
20114
3339
21585
17789
40807
41566
40486
55133
2814
43268
39885
20326
8985
20182
19094
16266
44611
6349
38221
40524
6987
40684
17781
40829
44256
40203
26503
52174
64221
46618
33784
5971
64846
55595
27536
53073
22229
46600
11838
58614
60778
8614
56037
24192
15979
48528
46011
9564
49479
27577
14048
6834
41644
3487
6090
25518
50317
56683
18113
14336
25946
42494
24033
29529
13024
6571
61180
26429
41864
24754
36639
2193
2085
34293
1449
36310
37183
23141
17428
11346
50540
8648
44858
55600
20687
55850
33670
13463
40338
33169
38116
35188
8041
22954
43567
12038
17502
34541
60230
30696
34640
8193
33220
54791
31097
62866
40083
51414
60759
8540
62762
53430
35925
53860
4557
24653
55943
17845
39977
62127
54304
9258
65049
35078
46585
39671
52313
46388
58801
32874
25442
48288
11217
51956
15528
8091
28455
20663
59943
36385
37796
58897
34343
4373
37758
23323
36042
3749
2012
40103
10539
35979
43110
57477
55460
23681
50084
65403
13789
29585
20098
49167
60064
56638
54332
53044
8879
41329
14508
27897
13607
12127
44014
36659
54401
28272
2449
47455
24356
43502
16621
55205
55445
58970
15519
801
29949
44405
54592
61636
3909
21103
51524
13836
35363
1028
44388
64749
28114
25628
18279
2258
20784
43967
39161
27547
19255
36628
43668
30660
41702
2564
25364
60003
25963
31951
13720
20923
8695
48870
39283
15160
31825
58713
9003
49973
59763
8581
43343
58532
60195
61333
7926
13012
30561
31030
61550
2395
46663
60659
42363
48469
50363
35294
59795
39476
6796
56693
10954
12543
63470
48681
3454
43480
33841
43161
14921
7188
19318
27886
29137
34921
65204
51886
33889
33128
65267
62892
54259
6380
44816
12715
42234
50919
17845
10907
1380
58434
41361
46873
41465
28747
22976
14953
57573
54274
52867
41289
64426
47241
14681
23492
19373
54934
49074
36088
29135
10617
1737
57888
59380
18006
53326
35740
16090
61633
16961
7241
45803
15348
23256
39049
60099
65415
14170
49336
35412
24873
41992
61747
60553
56223
47437
15863
55199
19107
8684
57049
35591
42431
45426
15554
40491
24303
22324
62625
39528
26739
13788
21518
19283
38497
46007
17998
13587
63760
35879
57720
7634
21858
35097
34325
50307
27585
33297
1495
45577
64179
25155
37295
22386
13381
35415
19293
24527
19836
9057
27083
54889
55297
202
28388
61939
17451
2606
5922
17631
64665
54630
42630
63889
9288
53652
57107
28173
9557
55582
23243
44596
52809
19633
6731
34569
53332
53904
1813
54052
48388
10728
22105
44659
47060
17859
48313
35418
16861
10162
44811
8416
19
20903
27979
22942
29125
42167
44599
64515
50247
62321
59992
118
59500
19301
50974
33570
7090
54183
52813
23117
13123
35241
10800
32346
60399
51663
10259
22209
17129
28391
38169
7537
40363
10313
63843
43987
2039
28920
46631
4497
55002
49873
7023
8184
16647
56338
22869
29811
29571
23199
41709
31316
8076
1896
583
18301
26427
57323
962
39038
3056
46723
33434
9982
18746
34458
46987
15047
52507
47075
58473
43191
11005
3243
39067
50472
11110
39328
52252
7470
47674
27082
25307
5576
12187
34497
50355
727
21018
51825
53243
34576
48518
61644
20213
41824
1958
60031
20298
59120
10101
11895
43021
12754
22682
5826
61673
33562
18743
10768
55604
41667
37579
65224
4547
45956
4152
40202
59627
30084
10103
32072
8513
32844
36265
38112
48219
49733
34230
7934
62101
62186
8492
60804
21201
4520
18472
1784
61692
48902
40149
62956
63697
28891
45178
25428
45890
54409
53729
49223
42688
18414
64216
58903
5449
63549
13811
28751
19268
48514
61178
41612
35481
9544
42448
27935
64209
61416
7513
16614
38689
65329
15246
46098
1647
7656
23065
17684
64171
63213
434
47319
61570
5480
38191
10029
44864
38407
34753
24056
24687
16158
58574
57348
53392
45609
9330
5151
7867
24825
31570
46945
18565
52764
12839
24925
8127
50794
47539
38621
61913
64894
32192
21076
36968
33321
31158
16997
21201
15663
54169
47827
63309
56126
27918
54258
56205
61377
24780
41369
5075
54618
54622
59739
51180
51794
26908
20899
49420
54722
24831
25085
41982
4394
6418
7465
62736
60955
3781
22293
14319
33816
31513
58774
13025
30951
31533
6449
2353
38504
53472
18699
14448
46886
61608
16758
3792
31580
24566
20781
52576
7772
5967
49374
15756
35598
62186
52530
17332
41339
7904
8207
11119
882
13584
37768
21778
64472
50231
42704
38536
33172
45729
25091
7986
13922
46200
48641
6083
31616
23538
20217
57591
11095
9837
875
15051
39636
48858
21563
8635
31254
15504
60190
26050
25014
56789
395
29707
58707
5695
11811
34399
49809
4311
33551
21315
16891
65445
36757
16920
64130
26814
27404
13510
9499
11585
24356
42451
51478
14475
2986
22274
3444
6952
27800
43493
3870
39727
2158
10323
59240
22546
3722
7241
42706
63321
2159
60101
1494
52285
24739
12705
65004
65104
11025
45187
37684
37902
54029
17056
13453
61500
29956
2433
48207
30921
49376
13189
46390
27195
42645
55587
32290
14170
20370
26738
44092
38712
46505
23721
50984
55887
63483
57728
29649
16574
31147
55076
64482
52340
16472
11842
7227
57441
36187
51340
23236
15108
36240
19379
32750
48853
7243
1
22487
1148
49870
1028
14910
20400
7704
23429
18717
24988
57663
125
62162
47298
49687
359
57636
45186
9040
7914
42215
2303
13076
40021
1777
14182
5121
20654
14
64956
21762
56555
12774
19582
53023
38636
40317
26481
65200
15692
13554
53482
38144
8453
63606
56534
36348
61421
11586
23833
18240
33002
32266
7979
38197
50099
15422
32020
20182
38421
60285
41921
27572
61844
46460
22830
29446
58371
4518
57912
54683
26025
63908
7130
6882
15388
9191
12034
14170
17859
24425
31323
52581
40803
26339
6020
50300
50446
47871
58388
54136
40426
23864
53848
19200
1708
29876
35057
24391
54545
61138
51107
61118
7400
6079
50441
64392
3616
39768
1814
49748
33857
8941
43819
13819
54052
20120
58903
63454
7275
22616
4402
63492
42715
57943
19612
30495
34041
27816
26227
46675
64111
25196
51176
63181
47714
41906
63893
63082
58096
11077
39196
2615
41464
20220
35310
51173
53439
14510
50356
7364
51748
56701
63614
23
2926
20869
26849
29691
35630
26686
33014
51381
26265
27260
56978
9259
51911
2273
26697
48670
10794
10471
3832
38049
58211
7503
1208
52153
48858
37237
48313
17597
40998
9048
37966
28223
25118
32345
52948
28456
39449
33490
19105
16130
2556
16513
52199
43938
31040
44360
42316
28206
40108
10454
41025
13439
42496
60563
18007
31861
18350
19834
9393
35279
61671
65171
1827
42665
41136
502
50068
22881
31739
48118
41337
45281
32899
10952
22538
11646
53510
15757
49660
40280
29088
48950
31033
49299
41391
8046
12222
4266
55535
44594
22781
5652
11084
5955
36607
50244
10826
60918
37388
39506
56439
43979
614
63940
36779
4865
58268
14704
22880
33532
38895
2453
17785
15865
39088
18521
31180
166
2205
51347
39847
34077
25927
31035
14868
42073
19340
23749
4971
17114
54396
20245
35565
11378
36414
43044
48447
26378
36138
60721
50392
24195
22320
46957
20646
23536
21806
28976
49204
61565
61385
37659
30245
47692
64041
60626
6080
46871
6285
61707
59017
35024
54368
31841
3148
55001
65003
54705
64273
11392
47450
20059
51120
8923
14313
9083
25391
357
54311
58068
18850
9710
48766
13273
43409
16294
33564
12342
15099
49843
34502
6558
43147
36859
29794
19176
1441
8199
19557
26069
5592
1872
21216
36287
47786
52346
194
63738
8243
55017
44997
5131
31050
202
42488
32357
40638
43826
6754
37356
19987
39958
16825
30847
60272
62857
24110
10772
56099
2361
53180
37777
61251
55526
1312
42616
36192
39019
22087
55332
18238
37759
45461
55161
53533
63060
24870
28414
30579
15149
5959
12562
36171
52163
52719
30936
53950
17955
21704
17678
32258
28899
48365
11448
26180
5407
23955
56809
38534
2006
2499
58762
9904
59614
25144
58501
24541
22469
63589
38884
12955
24553
18295
44039
55136
59942
55693
15483
4
52132
44946
53506
51296
8636
36028
63601
10865
55230
38047
27587
13504
30936
1685
14289
12096
25760
41659
11910
48114
46690
26726
58931
5464
55816
24747
58936
14529
36002
12553
9461
63687
54420
34334
41826
62990
18263
5669
15341
21842
13955
17903
18087
64633
40610
44044
48594
26644
7011
9633
14854
47539
56732
32809
24832
61627
38206
51039
29923
7663
46215
2097
59632
40386
52937
10417
15549
17855
61041
2090
64346
2339
51176
47768
11356
16905
59843
13747
47140
38384
54457
52152
38539
38222
26030
57068
47088
36001
38512
10336
27095
36178
8492
24503
45211
43192
46900
57901
65464
28981
17663
45211
11388
1556
25213
49612
38189
25103
544
32410
49861
61009
28319
20522
62544
39091
24478
47417
7321
48580
61363
50136
44711
47544
33220
4406
21800
37113
19614
20607
34997
34161
35356
27319
59113
56274
54032
14912
31523
18841
1072
53333
56655
44040
47593
27964
52187
32725
41597
27218
38629
34849
38635
9442
35796
44045
29363
49510
18742
41452
8081
55275
27457
46235
13968
34475
64738
45262
18240
28052
41421
15850
53748
25384
13636
54195
17986
6513
52260
36851
17348
16313
64860
7518
39529
53478
35169
61519
50747
39088
33720
56410
43767
51678
55403
29315
5741
63378
9293
22283
54224
22605
12464
58389
65316
38273
42714
51298
60023
44693
45814
692
52976
43568
61173
8033
40937
13060
58455
65282
53830
24732
19716
38140
23161
14495
22703
20140
31680
55418
17299
48264
32279
20696
31919
44967
2086
39554
24187
12417
16109
13223
43162
32250
45481
44830
6411
39126
50670
54930
6299
17457
43702
48175
55044
45163
31152
43158
64681
41710
63674
47788
31482
62726
54877
50597
8953
33550
8641
643
5854
35663
48233
16383
54442
61420
63945
65475
7596
14047
6702
58406
9647
17394
11190
19378
32551
63429
40821
56390
3800
24856
26008
51756
40794
46037
64291
1054
5665
13199
39727
49438
34019
30038
48413
33214
39776
33072
30401
1213
9492
16104
32344
46035
15717
16489
23257
21277
39185
24450
56130
25282
50436
58346
35739
48269
22769
51489
35210
32968
55358
12863
28791
48930
62982
45389
45876
41878
47719
39755
26753
4176
7521
7986
23174
24966
57938
25367
42600
55298
39230
48503
18773
60591
41655
57130
1082
48860
20183
50346
16623
19750
50699
62448
8405
11067
20317
54142
36950
55014
4019
20172
53590
8097
34306
30338
52671
46785
3165
50260
60660
22739
3037
25201
23447
31874
57927
61874
26538
30494
14646
24014
62570
20620
53978
33960
15087
41791
35890
55826
16919
27415
36682
16278
44786
38136
8525
25191
48168
220
64883
21185
21320
18802
5334
65120
25526
27257
25249
48742
36496
51297
25844
41480
6007
32517
55726
21569
35159
37368
58839
35016
30473
40201
16122
10429
10070
44409
10645
2117
54400
15261
30051
13091
61240
24493
2762
45590
53919
16822
22609
19676
63983
17548
13476
42926
44827
1189
37425
36975
2711
35282
16609
56542
64209
32496
20072
56502
29027
43413
36849
16324
21655
52059
43241
41210
19590
54935
33506
28905
23518
10316
935
15271
32376
24899
59711
44590
36056
54517
55981
34855
13816
2968
56515
53299
11650
53024
42266
723
4303
15711
703
15356
9631
15095
36027
63825
11027
60979
53784
36487
40376
46695
16290
17387
58972
61554
58674
54543
58694
21946
47512
34789
18533
7096
21269
55056
16494
45911
58780
16811
62969
604
53196
29444
60560
16875
2514
34115
6725
11101
26953
62357
49932
30596
2543
59320
6766
42174
4846
36589
24971
43626
46355
3022
8740
6771
44117
1294
33416
42943
34643
12070
44315
21148
50674
11060
31836
2547
41935
10494
33971
43837
24248
51224
62272
38910
26843
37926
37688
27187
48981
19822
22941
34148
19314
44257
62713
54011
475
25461
34597
65441
4963
5172
48001
34279
57417
58223
40590
62433
6460
56029
61777
53073
65341
15362
5423
4673
38206
61233
59383
57527
9718
30683
25782
2435
46044
59013
50590
13099
36259
61931
58122
45753
39319
30198
52748
45096
49699
21062
34154
11578
31923
29536
47292
32303
21571
55926
42734
46676
47280
60331
63405
31460
57759
52735
24881
19157
18217
33588
44846
41377
38353
3821
21575
64342
14313
44351
510
51822
53308
4183
55554
33281
54684
62382
15694
54029
15332
32927
55502
31112
56254
45644
6528
33709
9052
41023
4241
42568
20641
12623
41094
47579
38716
4799
7112
25749
18530
23494
41842
63021
31193
6149
44105
38795
56877
19140
51221
5245
2785
12244
26422
53306
33798
2110
12050
2822
32964
48899
47642
6030
7121
58270
28836
53963
30502
23935
38986
61152
38237
61054
34508
18738
12143
18248
26702
3084
8091
27315
56698
1614
65363
18586
12131
486
23530
55564
50168
33133
24824
20380
13746
55956
62088
35015
10649
5621
44243
39867
47197
9927
64874
53600
57032
39273
37587
6862
674
38280
57739
36708
22802
53946
52109
27129
44592
40339
32881
26331
13985
11894
54936
42132
35226
64276
43510
6651
27937
54767
65024
12830
48984
22329
36011
11965
39717
18024
60408
45088
9369
41269
46089
36728
57574
3344
64056
52986
42447
21171
15306
24210
40908
25980
18174
51592
23841
35098
32232
19651
21996
40474
61295
49479
55516
58688
551
15430
32748
55625
25904
5773
20332
48613
29444
51661
56240
18921
31398
56047
52930
46552
5010
64193
11532
54120
29985
55214
34858
53770
27198
58224
55934
39348
38638
49786
27925
29012
27392
26382
65152
61621
15254
64171
62508
51595
18673
1928
7590
1542
53936
55592
24269
24492
22922
44046
54132
58838
18255
37454
30782
22647
53105
38554
24359
44089
65031
40127
39917
19011
40937
51381
19704
41556
54719
50256
58739
3292
60945
5562
53929
49124
11001
61163
24909
57405
30437
25206
12937
8756
21571
4659
10966
46014
19468
14435
57798
37442
24493
29900
64343
33281
37474
50583
27685
63813
14094
26083
7910
44118
59975
22264
3843
59338
29620
24819
16531
13978
51624
32692
59013
13808
51618
65172
49215
8430
18285
33307
13265
39408
28051
5680
34282
9372
13525
24828
23582
31681
17949
44402
49270
37561
41357
1491
25004
308
14147
39255
39516
43141
48137
13670
28401
24450
4557
61173
61138
15193
65099
63492
15460
8459
15582
18257
417
19414
58352
55228
3194
19001
56107
15928
61039
47964
11591
63632
59444
29245
19428
4918
62568
34457
41939
15279
64586
38402
40703
53205
61562
14632
8058
50437
51922
23614
35581
34243
45058
43293
19294
61618
8573
22586
61786
35603
37923
15876
26528
51449
1602
46058
56402
58232
37652
57744
59464
48075
65412
62042
6589
23965
6787
55856
35291
14293
15959
9513
1384
5077
24091
2215
23339
38149
37787
34586
54407
17387
12339
64355
43839
58587
1455
48807
65195
15501
20031
32215
58966
60902
27105
60198
2355
53878
49872
28692
22770
23981
59993
34475
37952
45525
39014
58057
28551
20469
31088
37401
31158
63324
10906
43044
31928
49386
4169
65222
53884
14919
21238
64085
22836
41871
58230
48496
15822
43164
26241
56921
58390
46637
1129
7565
36899
54133
58540
11365
31323
33098
46626
28198
4896
55603
42398
16195
57745
46847
26968
11621
22530
43027
51377
7364
23839
40078
7004
31031
27577
16529
54467
35424
25059
45262
18435
8886
5373
39605
44443
58564
28663
57310
12963
58578
28222
16383
51214
65061
54397
47456
7652
15008
43741
53391
59704
36083
4719
20265
36059
29051
38834
33632
50124
48689
25688
19621
11816
2080
58041
20690
39051
48153
52344
14196
55301
33478
47690
28785
47745
40467
26791
7275
17553
12593
27306
61799
23252
4238
2204
19176
22431
63495
24754
19904
37810
4992
34693
6741
48225
5034
44394
11568
65294
58866
64577
43311
38256
49578
5710
6607
36851
48326
46345
63444
48559
9224
62275
53031
20619
38550
32678
51696
15178
9536
42879
43702
65166
12219
62545
48219
7066
3100
8264
63223
31059
60413
50435
6892
23931
35666
61082
1091
55058
56366
57439
62905
54440
11256
52996
62862
21035
12671
6612
2198
43113
26413
17811
40958
20973
25838
53436
44584
19618
56864
58383
63215
53481
26941
20307
60708
37912
30257
57305
31412
7499
3015
13760
48666
34614
59495
39134
48980
17255
33796
28002
9909
24004
36376
14589
29220
37816
45724
58461
512
19808
46340
25930
1450
64679
33787
61913
21616
49255
34446
8318
40916
59546
27798
37921
47915
47403
33815
63970
50989
38848
48320
38490
2408
11454
31130
37624
10557
23280
8557
45942
61070
58006
49930
49236
38703
1666
13663
28410
23813
20499
25897
11858
1271
11974
35175
22619
51024
29098
40763
63376
24724
37851
19161
28981
10595
32058
47922
28365
46502
12740
56764
4941
14455
29620
4360
58198
44044
50312
29040
40650
62598
63981
6259
40345
38660
37356
35490
49984
53679
28637
8697
61659
61849
40090
14635
16486
30953
4499
20928
60608
20669
51497
10808
14052
32686
6615
6772
29422
42023
12160
26910
61046
64285
8979
53467
58556
64700
42933
9163
59234
739
65184
54688
40210
804
2938
29573
44523
52579
47701
43932
44964
41312
55566
20896
11999
1287
52551
19202
58893
12940
520
33260
8974
44054
11593
50977
44296
51647
58702
16578
23416
47568
51505
55962
23772
19279
22017
19779
39477
46711
24871
41184
48669
10649
13327
51225
58302
19955
6567
4364
19778
51452
16091
21084
4436
11113
44051
47910
32303
49336
40157
35116
27343
1143
56027
19432
57813
32228
58907
13352
25120
25249
19787
27890
17478
39112
50162
39475
62957
45281
64822
38469
954
3762
24755
27822
22457
35174
25535
14253
52905
23322
30200
9368
60756
11307
19350
19677
63974
63463
57845
61663
53115
44055
61224
4758
7354
12532
32311
41361
8690
51750
16167
45291
31433
1505
59838
21388
42980
34438
42699
31475
35345
19516
9238
37601
52742
64505
29752
31374
59001
3312
40731
54604
43635
63257
40640
7673
17103
38284
38260
63497
11270
10631
54920
3914
11566
7724
12841
54790
33681
54192
61823
50510
51131
42310
40914
22306
53527
15037
18654
3793
49100
61432
63916
62241
10999
1966
46349
52308
61488
15663
59518
31100
13893
5368
40144
61791
33402
20275
49584
26567
13290
51846
34804
33765
41700
32687
28161
64144
2809
19638
38507
32359
36567
29226
11937
56114
47233
45943
46219
34400
62031
55992
3353
44183
54083
42329
6912
7554
22734
32912
18148
33145
38142
3579
50322
6765
42921
45910
28086
44213
65144
33994
54023
54
11245
2975
37036
32372
9684
26985
1922
32726
2389
58822
2441
18475
43917
64865
42920
30191
32250
64631
42157
8486
22206
4960
42426
49099
30791
15982
10638
40558
45608
58324
38240
764
65430
48170
39496
29429
20465
23493
382
45517
23359
46683
2344
50110
44722
13601
32631
57490
23368
39605
50967
14098
48861
61575
49461
34686
46546
32495
3591
11868
42974
59986
38702
38321
11115
6213
34947
29130
52722
12383
62786
20293
34968
33790
57243
9636
63172
14218
8624
1044
57140
57325
21812
12741
43443
16385
61801
65215
57405
33459
43077
14012
15798
51744
35016
5097
57243
1916
39627
949
52847
6742
39455
50389
33294
56388
17195
1854
57445
40512
28905
721
42153
18626
2405
34631
35444
21794
2991
12246
15846
35102
2189
24676
49389
12376
31656
16722
50511
21476
30538
7923
4370
58683
51472
53014
15057
4752
37276
8873
44992
26827
27989
657
13879
22956
52152
54962
52517
34959
7626
63622
2339
41017
64876
41019
35513
33446
59532
27843
3615
45772
56605
20410
42163
30487
16441
58506
12460
18964
65422
15983
45760
57242
50110
55621
4238
48893
52664
44834
18515
8702
334
8680
49399
6150
59916
23207
26919
23313
51414
30540
55404
15556
183
2730
56387
62576
43845
39962
41337
27803
5084
41473
39576
47019
8544
41834
37262
3068
55999
4389
29713
18949
57790
54599
40805
25458
56954
37919
51763
51570
36991
50664
59716
26950
34068
51446
19982
23157
14687
41535
52948
64467
35928
2912
22707
41383
32384
48437
9200
36921
2969
56528
60427
63316
45741
41811
35706
51675
10896
51780
51018
42920
57157
62921
36366
54879
22664
8478
16108
57210
64884
24063
10363
10861
21909
28067
8922
19958
13520
43070
24040
53902
2366
40343
56295
19682
45460
19591
542
37016
4236
9350
24180
9450
41071
10849
5341
43212
25053
4146
2893
10975
25547
4000
28728
27965
60018
43500
26207
13658
44017
7729
6085
27806
9478
27408
30613
24044
4999
32987
3704
5422
28937
60140
63293
60732
17101
35676
28053
10868
38465
21574
61290
36991
9181
31072
35242
9753
39515
35849
41296
41302
27993
56020
26752
2986
35298
7236
23340
63102
1540
40996
16971
14241
19262
781
41169
34255
41813
29680
19033
3793
11793
4286
37431
7841
32459
30768
48407
8431
31918
52462
59128
5967
10292
45272
20221
20086
4683
4532
58910
11687
8584
20380
52426
15710
1715
26634
33852
59906
29599
51089
54067
61174
36122
9181
28858
31973
46076
1771
15468
6519
60125
36481
40305
51728
9886
4409
63491
13972
18183
2750
14993
1024
51556
24126
49622
58361
61889
60114
18831
33171
40928
32389
14805
2044
31405
8132
19138
61160
25972
45878
14276
4099
12425
39279
40869
35016
64064
15084
38006
10143
46062
51823
49271
19443
42947
41082
5409
45063
44799
43644
32852
21448
34745
29102
22090
51782
52002
49882
39435
27222
62678
12360
34093
20883
28406
43470
64930
13430
4747
64886
23665
47482
15387
42775
60719
49245
20968
12550
58870
6163
59308
34921
34076
13770
39303
7220
53013
28459
13884
64643
39703
17394
61257
40207
6478
46427
54754
33298
60721
38022
24176
39858
11100
42524
63562
64868
3009
25408
55066
49125
43950
15276
26943
61936
42487
19939
51910
45294
45440
4237
25983
3716
22321
5112
63531
30754
48824
33550
6766
45084
23286
31002
32100
39885
7733
8945
4774
26463
18903
56733
64853
58059
16046
37910
34427
64892
52101
59580
45893
6661
53982
46077
59553
34616
53491
7691
32491
26851
62106
37393
19444
20160
10527
6572
52353
15695
21309
53365
22974
25010
33187
38947
12395
50522
24517
38101
35933
2550
22901
3089
2255
8508
41255
64529
777
24622
50896
61819
499
4055
21016
11604
13646
7866
27109
11877
62649
64583
38374
310
36699
36999
46702
40131
246
4057
59046
60934
22277
40383
47030
60109
13294
4391
37375
40897
64206
30768
33145
18920
35525
49607
1374
45806
28391
27171
48559
2911
4173
49102
40677
46264
50420
18759
60300
65455
1044
18297
141
55169
62727
52087
21567
19844
21938
9277
23240
48967
5840
6978
23055
14498
38732
47606
52079
21697
18297
41123
42430
48990
10580
51876
49182
13868
2305
2697
55398
53409
55527
17561
9681
27194
45910
22270
7271
36509
21647
61170
19515
63178
54768
59132
37367
57582
13254
36770
7542
32197
7640
50270
52125
32936
56380
13364
14522
58811
17962
4247
20124
17830
15910
40496
52078
10179
29583
12845
21636
18296
28459
4563
17752
9484
48441
12843
4670
52128
64477
65378
49252
39449
11216
46811
64615
54767
11643
43860
57522
10536
54733
43390
37356
47605
1615
28603
38575
33830
39100
1466
21951
3448
29418
31806
45143
23834
47984
16863
46025
23829
30228
27016
38547
5003
5759
21411
44389
37060
47376
3157
16280
31998
52098
33682
7478
55342
27311
10644
22467
10984
42877
59784
60408
29952
16498
13855
16319
8734
29554
40761
35395
342
63859
6413
58099
36616
15063
57222
50302
64015
42685
7653
2190
53089
27177
53951
26844
62948
64507
46366
33124
3250
26361
57988
57936
56812
57710
5851
16514
2801
51881
42331
43258
3155
47425
26713
10101
17759
50121
41940
10810
53515
18392
17899
51539
32903
51101
102
22555
20662
50844
10195
35056
11017
18811
6598
1646
17756
27919
50561
24615
47559
4744
38950
46822
42128
28675
40324
53779
63413
38167
6822
54642
54161
19939
27162
64785
58857
36492
34259
3466
25981
61510
23754
6044
12898
41446
31872
46355
60308
58421
45324
55054
40636
17827
64228
51515
4396
58892
62189
4143
61663
47966
61169
23463
16022
13434
47232
25134
28848
18105
15742
10169
6747
47754
20352
26839
28335
15963
674
2411
62075
8152
54681
19599
42982
64543
6763
33402
8981
24496
7297
46666
20804
18568
63829
61088
8862
2077
21512
53300
10199
22622
46875
3346
16732
1127
52861
23634
27705
19878
60299
26363
35984
50638
27930
42696
8719
16988
59955
14243
24880
63353
58163
42266
63789
19682
5144
63633
54061
39693
3657
30624
14346
18553
18236
21596
10773
19244
22755
21682
39216
59337
62951
50707
3728
23501
23458
2088
46322
30505
3688
38337
56991
19081
19235
18174
23236
8559
3592
16023
27777
39479
41564
55231
56109
65400
34451
58349
36261
30118
12180
35436
11368
6321
48325
26018
35733
13814
36621
43831
11564
26365
37103
4690
40951
32312
62768
1457
30069
4949
63155
65481
52416
7558
24774
52327
46790
55409
58598
62078
62680
23168
21803
26646
41340
44261
31467
45214
62590
11978
28643
64625
29583
27926
38257
37987
41967
15672
3418
25162
540
18202
6563
5480
20173
8196
10122
60776
8035
3423
12065
34701
51671
9335
5096
2671
5296
13519
6927
42003
65325
29940
5558
24552
37250
24547
9523
44488
53566
30748
49534
642
58383
46120
5
56156
4935
55415
12679
17990
63006
23633
26105
21400
33354
12494
7648
15867
18899
37313
8158
22537
4393
7554
28172
34678
30262
13557
14598
43043
14884
41914
55540
40631
63178
64315
39012
34301
6270
53300
64435
16594
35180
32248
29638
39985
40503
18441
63870
16508
7998
56946
15638
12890
19513
60923
31262
16527
39544
19845
1062
51910
13528
4199
55217
33235
6263
43775
5824
12
26815
12523
54072
37973
308
3569
50380
27250
46224
40127
64789
46838
46010
25498
1244
30868
32380
26614
35804
24155
176
21075
21248
40833
49095
12539
40272
33380
1991
4168
42763
13928
7806
13815
42517
54718
23036
60358
30632
32747
40271
9203
58136
14126
5323
11015
2625
21206
35011
30125
8500
59318
15492
23330
31983
23568
51048
15206
38440
56909
64702
35023
35331
56311
46889
7031
11103
55540
50759
19749
37449
12959
289
25192
14160
5862
36879
45099
38817
29603
12531
62651
63370
53470
50131
6396
31367
7577
6719
57447
22676
21214
54915
37457
50141
2788
50244
584
36934
42063
56606
58833
44014
63127
50924
19935
21747
41198
52881
62054
59635
8384
52849
61197
39459
2879
2241
52945
14556
20831
18715
31590
8062
31992
18106
4950
22524
29041
59137
43595
57300
20019
13450
32798
63668
27551
27461
32792
23316
35004
11047
20616
59684
13434
13347
50679
32589
1506
54615
26062
14275
13171
12344
6246
57234
13285
39933
56072
16185
29623
13928
59912
49991
29673
37039
38668
3706
46011
13431
2704
8103
26953
2350
32951
4430
15939
63910
21942
35396
49747
44123
18242
46479
1164
28395
20208
52223
15497
15648
1195
38170
15991
10490
35841
121
36953
30110
56354
20097
45751
61510
64655
62421
27252
36334
50495
15922
6850
33920
50897
5091
46421
43931
5276
54824
6768
31951
52447
1861
872
25053
15767
55504
9253
12254
53365
60819
29106
16610
34972
35898
27926
9313
6756
12367
42878
8802
46770
44012
5573
37700
22192
49199
56835
65464
56845
62007
8487
6612
2376
34989
40395
9595
50761
30811
39695
26808
62563
46555
58187
48250
15498
47138
38284
5147
35368
52983
54486
7168
22088
20993
564
53329
21387
4724
60566
62473
22401
24636
39496
13665
31805
38007
17008
31026
52872
36041
42687
729
12362
23863
40832
28118
52352
9814
42555
21492
29586
62115
40602
8667
13716
43735
33274
62475
11827
60321
40805
61207
39482
42183
20835
29800
12200
49102
20487
33698
43402
36337
32010
12022
6348
14881
52613
16767
52187
22485
20629
34383
31377
37976
45326
10151
63713
10691
21614
46855
22688
42704
62233
4144
15471
13328
59218
61016
22040
33737
65368
43324
48079
51500
55210
14256
29000
15037
54515
62374
1072
26079
2043
63095
17792
1782
3142
63828
20304
12629
64618
36221
30338
57009
18782
53155
35306
25152
38051
25540
33429
15996
46201
55742
39803
8844
25215
12901
13245
20617
1384
39950
16188
25450
11633
28504
29781
7529
60970
60101
15461
64297
17222
25629
35241
2614
39841
48698
11970
3974
21417
30652
55776
51261
28987
49613
37057
21876
63096
62208
27312
37368
51291
58307
28762
29411
58582
45360
36260
57169
7240
52046
11186
46194
43027
59047
24094
34914
11128
62998
64941
748
57137
35730
19468
31043
23638
23846
44277
13962
49319
2721
47328
28542
49965
25257
4994
55327
55822
46320
51080
10762
24919
62082
21495
36416
55281
51054
42019
24944
13412
49092
4471
48542
43893
23222
52022
821
42105
46082
16227
12141
61721
41406
58960
55601
40047
54701
25548
2952
5954
54872
51612
33589
55084
15030
53964
47820
14936
52764
22673
20982
32541
35533
43633
11060
51970
35678
47705
38096
65354
18086
6532
14020
7227
63539
30989
61753
34221
18111
55623
47386
38652
12001
53353
57777
39892
50605
23921
28802
38159
40558
42158
22994
26445
43535
58440
37953
37245
57101
44445
12631
2356
38728
62387
32864
52117
12613
8967
1628
47244
35515
13974
23999
7764
27687
25412
54663
17821
30686
61188
16054
12163
56936
15643
4135
11084
23280
58976
62055
28993
12730
57273
26714
54459
15956
20227
39561
48457
49099
26161
46947
32908
18964
17675
25173
61756
28631
4803
62060
5049
54249
33553
35919
23865
50458
40933
52301
32910
38460
27128
1753
39438
39072
16503
36836
50775
6992
10723
64047
9265
3480
35435
63658
30374
55098
50688
36501
1896
53499
62185
23274
61123
54322
21685
31459
40008
18699
21014
54729
25899
54201
63168
4795
61754
874
30708
60573
26593
47850
43110
7853
55495
60360
63755
48790
61705
18712
63772
31861
7364
34135
48542
14874
35553
15709
46555
3748
39694
27505
8847
30870
35319
17002
16748
37545
20886
42205
42312
62514
44514
9129
42496
23809
56002
4223
1504
46954
56520
9276
22250
62474
585
937
2506
65115
58201
37125
61863
49304
4891
26543
22851
46549
64385
58833
9510
29253
60961
58147
49404
47810
58102
18260
59434
12353
53940
1219
64433
31460
12315
61728
37675
65084
54811
12421
44644
17591
52908
11164
53850
2801
3375
56014
10980
57323
60156
4292
31014
50012
32914
37798
54095
46046
30247
2976
52868
56685
3660
51630
10179
14837
11179
11613
37699
25871
2319
24139
9618
13419
58909
30426
34652
62349
57548
54028
4615
50241
15218
37877
62784
28044
46827
34127
289
27891
21164
50345
40028
15077
36908
25729
41453
3248
31994
33326
10541
50674
28638
28600
3136
19863
57665
23820
23957
38071
39259
36797
36126
47604
46135
53872
25680
46895
14334
30850
45526
8260
2888
61940
23399
26463
51024
5341
17052
940
32190
7234
59199
12463
17569
7339
50213
42747
47192
12285
6436
25453
7953
61865
59589
3085
29199
3292
61462
741
59214
47901
31972
19924
60813
3019
5344
4740
23981
53668
19239
36995
13604
5338
47601
15360
9213
22408
57059
18717
54538
39166
51174
48758
18291
34071
52637
14915
26872
57538
54246
10132
26551
60286
17463
62493
28480
3954
45392
44682
2896
27603
9273
37040
55444
59788
11714
32175
7895
32938
28307
33350
42547
61367
9229
59239
32389
3198
9063
17286
8490
58609
41255
65495
29468
8557
46330
40052
48559
52083
47274
24924
5718
62278
48644
53409
7794
12783
33392
16891
21281
54917
16651
30765
50568
49396
48181
20454
52084
4847
21811
34785
24229
11589
21108
7147
38320
1263
41136
26681
51571
65458
60605
29916
26641
52242
50641
41248
35351
64458
64958
54991
50594
29508
96
64081
13538
63658
59374
23434
18866
50161
9193
32880
29989
2898
32100
62105
46458
20694
35023
48215
33507
56118
65112
25985
47713
63690
22079
45735
46828
16379
10885
47991
58437
60683
8576
33996
7675
38254
64738
62802
21840
65487
25232
7995
21864
34535
19658
39040
40214
29161
26645
37812
31324
40151
60179
36045
20852
53557
50463
23583
56093
20478
47354
17879
13040
30760
48484
2993
54439
51278
40549
14270
44363
45450
33419
46992
1321
63044
60773
30103
33977
19268
23637
23970
16305
59865
3950
58123
7959
39722
28192
35154
26237
3332
47465
3902
47465
18123
20654
55154
54867
63430
25685
48418
53290
19332
59412
39816
49601
53925
57538
54587
16613
23916
4783
53575
37731
63035
19347
53894
10404
14218
33678
12393
62371
23933
22651
44503
9839
19443
41068
19516
26024
23315
91
5464
13617
43185
45810
40734
32484
41191
35767
48530
49487
51228
37606
21318
42684
45211
56616
37446
12345
4977
42780
52012
37897
22509
598
34396
11646
25617
62995
27486
41700
38226
27541
4416
30727
2961
32071
55681
16798
25350
5223
55321
6491
62909
52759
5773
36689
2533
61333
49653
26212
56568
26563
46205
44991
33605
5570
50230
10627
49596
19874
9759
28033
9939
1673
3255
49206
30009
23829
64923
35098
44067
10188
13233
23843
38475
56794
36374
60450
33676
61795
13166
48558
57958
3213
21528
43584
26219
64171
8800
3553
62262
65208
63076
53887
61906
31039
8305
46924
12020
63575
59724
17875
41199
5800
44183
21928
9121
30113
51286
8481
52909
5793
7215
42150
13454
33662
58889
65470
62829
3959
537
40369
63409
18669
24886
19667
11242
38882
24373
42694
1537
43849
56613
42118
55717
31391
466
33011
23571
42869
65100
16871
42648
8150
33228
14947
23594
51755
62525
32935
4761
56579
53468
46618
41485
27893
34705
39948
26897
22227
61199
42159
22534
15671
64833
33128
39561
17983
34086
2532
45385
1611
14489
32143
58390
30808
1269
57747
39252
358
8487
43059
31180
51159
38528
14501
44851
51693
34121
36760
29021
63633
9151
57931
27212
7483
29560
27805
57704
57522
20436
20129
49709
929
20897
58492
37282
5441
16920
28891
38273
46213
65232
45065
3965
2084
63194
3311
56511
58917
41383
24234
37587
23349
15483
57395
9564
20724
40823
62979
58156
1762
21831
61492
53765
38388
2672
43090
22370
31444
19134
18041
31490
45904
64056
31310
3160
32070
34489
5813
29379
26570
49951
11538
62111
57864
32182
51068
27344
51939
8532
10128
10032
19940
20902
244
53403
7075
31691
19510
60163
32563
64947
33237
22786
64182
23963
4839
40125
7211
23623
59854
5366
3494
54947
6878
5027
40917
28647
11666
46304
11774
13938
25030
51745
36721
2332
26597
29730
2147
14004
29165
35396
21318
22077
6079
24775
19480
8056
59157
58673
56452
12299
3640
15806
57092
57061
263
34141
4297
4019
9804
12872
40979
58420
47046
54826
32116
33885
39994
6371
27275
23132
63932
39590
63559
25534
23442
60134
25618
53846
15698
23600
61543
53083
25391
12573
56856
14648
38337
48560
41024
24934
52254
20397
28495
13898
8407
24410
53552
12508
62355
44640
1534
12542
11229
15494
55275
29191
32718
35018
62877
49258
18100
35814
5951
61347
48199
43568
28435
64474
51885
20888
35166
13950
58725
23384
10851
6943
31974
20435
43928
62164
11415
15944
35950
13693
46386
45854
2723
64939
13746
28061
50878
49916
3779
857
34429
38966
15884
27391
61141
14696
43341
22466
2882
54191
18549
6928
59419
3739
45401
23711
64111
64408
22239
29612
53087
2840
17476
37900
21505
21996
19864
37533
34367
30209
40002
10963
29961
42818
49991
55182
18924
53039
27922
34876
14009
49258
5051
50923
2713
26948
64960
20345
18376
15978
26641
38862
7687
56297
59278
30821
35563
20497
10001
60267
29424
16333
22503
31491
59547
63857
57362
32613
10883
1013
60514
13885
61437
25226
65432
64814
4089
45745
8388
41708
2981
46705
3192
37455
1140
17866
18102
42550
27065
61313
35137
17133
55367
52262
60665
22173
27466
11918
23576
23841
63279
20171
17750
58684
61290
11767
17019
43341
22547
16402
535
8273
58056
18724
35258
49116
51521
36780
42124
30796
1245
56103
49136
39376
23080
20764
63541
1974
44962
36581
16195
37425
2321
25283
10092
3270
23601
5808
19940
922
42706
34628
42716
40872
12501
16287
22054
25893
15108
56575
26155
17267
34416
1167
11072
16478
6505
18798
10285
54116
3459
59156
34418
17700
35813
4483
8543
30955
41057
5928
27242
23243
29476
16578
39159
63138
33819
62929
47860
41297
43619
63783
32632
11043
44742
25865
39470
38504
60251
38364
20172
35085
37116
43059
30698
62977
46556
699
22302
35825
36139
24222
13869
43262
7743
30531
15224
37084
59489
14289
60468
29112
56678
35017
63626
64459
22876
6875
43828
18967
29004
18843
31635
40238
11251
36515
61650
25849
11266
16144
59309
30103
23413
43971
39973
2373
28665
24384
62073
58089
2967
45233
18944
48398
23158
33909
6762
55318
35091
11416
10120
54781
2623
53225
62379
26575
29134
21791
50491
43253
62714
31896
43130
15784
4130
55236
55635
39123
26532
52311
50755
26580
39866
28570
27168
11331
22327
4455
1783
30935
35499
28233
4770
5150
49540
57584
55
54713
61584
10414
58001
28072
32707
8910
13965
42471
27394
62265
26361
18880
44471
2937
36069
59978
28508
12181
40133
10932
10625
25497
17445
44697
39131
39467
7004
9247
55206
29972
9828
10524
43934
26327
14984
36405
60021
52199
55369
40648
61838
2152
12813
32259
31396
53318
4015
11131
8884
49555
4993
18697
45680
46543
61001
52958
16434
8072
10365
33767
47353
11100
56654
37382
46499
51537
30382
51359
10742
2538
28428
18535
65507
52103
28090
23669
63274
6419
5948
57930
41209
22036
12470
2341
46133
9969
49480
33154
57169
21670
29883
48900
52295
28793
48485
55025
12678
39277
4485
32539
51650
51566
63658
38758
24162
2183
58431
57378
24224
28004
40451
20590
51889
12552
16501
51323
49558
12347
33437
6000
14762
7179
19256
42556
43034
4985
39783
61211
7777
53264
62550
36963
52823
65035
47912
33371
29113
43697
316
35422
31491
54678
36134
5058
15556
38780
24220
56318
36714
9884
59557
35326
53488
18048
53813
43273
48976
55482
23529
9158
44916
1223
36855
55387
21935
65147
57782
13789
25042
42006
53306
1258
19626
20381
56171
10568
48534
52724
19085
43433
61365
60464
34287
36059
35494
38525
49988
35801
6094
29818
37837
61102
32120
9778
13386
15411
18814
41653
53350
62892
11602
57294
39647
35974
51676
27329
15766
42883
51737
61576
36378
49892
16806
4896
36192
17016
31618
29171
46953
22986
22166
24395
20110
8388
47173
51127
54209
25531
43829
18460
4884
43124
9804
28506
16051
51972
21741
11730
39580
16255
33838
41725
1314
21674
7228
65242
11839
39280
25649
29265
49232
25587
8727
57376
61986
64127
30272
20497
16622
54360
1975
45235
10021
17485
63461
46305
10264
38646
3319
1513
19763
18641
47531
36118
30364
58685
833
17561
35075
30074
34512
42378
41308
18794
17311
36589
55922
17375
39449
61089
14145
23071
63288
3301
17579
35950
18465
29530
15296
11853
6534
37762
36179
59195
44470
59019
31265
26168
11113
47095
52021
37524
15085
64929
2806
4812
61188
49971
63627
20783
22847
18586
1757
33316
37894
20429
13315
29417
42445
51838
10863
7506
62002
31944
39068
28509
48829
29005
33987
6281
29103
31157
18918
38013
40079
56159
34538
7097
41376
22298
36491
27869
23481
51645
2700
19279
37028
34050
40383
58767
35606
63186
17565
1796
43969
61110
17189
17552
21177
39792
41315
41713
37722
51949
20032
62410
14324
65007
37887
32558
29755
63614
2848
13002
30810
46266
10381
62455
28539
56576
2488
31781
52814
36890
28613
38329
11243
16428
55531
41008
9741
7381
41590
30598
16181
17897
64231
34555
1347
39789
34561
18741
26030
7051
21317
8954
16759
21958
19408
54938
18527
63289
25162
40543
45069
36675
10353
43845
28299
8423
43152
57207
19781
48280
44756
23827
24332
44406
35846
30140
34360
49659
24923
59287
23882
63187
33453
21883
48335
42656
20280
38866
53082
36756
42279
54433
55600
49409
41775
27170
11340
44124
44581
54343
26586
62679
22563
32152
12103
60549
52986
17375
15537
44671
42070
14899
39902
54180
26517
46617
27978
7190
6989
5503
59453
5282
11469
34050
7607
8171
35423
25657
62557
52492
26388
58067
28897
60701
54061
3064
12501
45737
28134
22672
59431
14840
35282
43117
63895
23738
57209
51504
61035
26485
44647
6298
3427
61051
24623
56299
51794
12972
29507
25689
25693
29423
44427
42486
33732
41967
30904
5576
12474
43199
47304
49882
39756
9092
6009
10984
62563
63001
6659
21664
15630
44053
21526
41184
65184
57528
20243
36864
25918
22896
38697
52218
42469
24535
52246
6814
20515
43819
24765
19388
643
19295
57587
19597
32341
58929
36873
23281
38057
41064
26068
33433
31916
19656
8887
45019
24748
17945
48466
10677
50744
35653
1161
8603
65244
26090
820
38454
41154
41391
34032
28833
49462
27347
44127
42214
26497
33311
29327
55509
34562
52832
32233
38991
21237
28153
12472
1843
46499
35757
924
26525
16806
63897
25491
25371
6703
56374
35251
3038
61083
10172
28302
54430
46518
14726
46525
47234
32078
53097
33231
32256
56758
50169
15851
36746
33794
28006
39747
23423
12788
64285
28811
12243
35616
63689
34086
21019
14554
13755
42159
21683
52232
43052
45795
53746
39391
32618
11313
17330
34822
10552
9359
13152
48690
18716
11596
37242
42713
57319
932
59839
30511
63459
44993
53737
46358
34009
10198
48284
18714
41386
10128
13761
19736
8312
26105
6789
3132
63452
46333
9113
31378
18804
22617
15661
468
4365
55397
53269
12659
35732
26167
43258
18587
23632
38254
62386
42729
56580
58321
64923
11220
25481
13153
907
32014
58152
24744
37479
51849
31842
45576
45284
9856
34373
63898
51947
65142
52132
30546
19931
7436
4100
61729
47792
10964
11023
35682
36875
56369
52864
559
58638
5974
25595
37569
15794
63218
62502
39876
56320
36822
31193
29081
45543
41168
33957
27725
32930
4956
21397
27332
31715
46835
14284
44957
15989
17252
62590
3370
36745
17873
59165
58567
50974
23453
28345
44440
2121
36646
16430
29582
56872
16089
64316
59134
33992
54213
60538
58757
31867
58151
29728
10242
60833
16110
47095
33254
6784
29884
35719
6658
58122
21343
51876
48689
40747
4263
1713
64037
47888
45289
30996
46498
50134
41409
19396
52294
33573
21229
4492
111
47598
65034
60317
56190
18884
46303
7765
30612
50386
17113
14343
29765
14241
34931
18738
39081
47879
16093
60634
31874
41014
41818
10177
14404
63622
50095
29858
32066
8525
63276
22697
40220
48697
55098
45852
32782
24259
36523
17541
42343
41764
10033
31210
6927
10850
15692
60676
9883
54076
4024
17896
9317
25371
45320
28584
33009
50873
4134
8842
423
313
24040
8452
23272
63072
65072
39038
60615
21877
37961
31563
62479
6101
25687
21347
30792
28699
29462
19691
22455
20200
47725
41951
61867
22590
55564
38880
45109
64755
56857
50141
61888
58556
50120
9221
6151
23497
53649
31157
29677
2613
29279
7565
13869
30726
50262
671
47350
12701
33844
48784
31971
46357
23930
29863
45145
36035
15890
5524
33959
22869
30411
5635
8171
42409
12261
53326
58388
61344
51506
43222
54071
1558
11448
58018
30208
51116
26867
49667
5244
6766
48063
364
39293
6397
59715
41874
14021
27834
31772
29643
31933
33228
55482
52304
9151
35473
48562
50991
12565
28085
2815
9634
18655
42976
62551
30990
49749
35045
8488
57861
27492
54819
37238
63666
32365
59642
11465
11602
53835
2224
48159
17831
15099
37303
22359
27291
43190
50689
22623
7681
46097
33003
33636
26559
14936
371
37605
43139
31767
1124
31630
53860
28436
59913
35497
43766
57995
13120
8605
31286
8812
53500
29804
29204
59326
12260
12282
37603
55852
25859
16420
27628
6066
60101
41453
19462
28316
63110
6286
21355
17
38474
64486
24540
2583
6062
47199
58653
65525
22355
55032
32084
54144
45539
11451
13769
47228
30418
13257
20960
2273
39214
15398
29387
31134
55877
15587
49035
17274
38088
3528
27071
29199
25960
18468
50119
42432
8909
56327
63104
21434
48057
25736
61833
28686
20820
49715
55295
32033
4853
43680
51723
37054
7878
18468
39966
37522
55839
44165
8195
54059
39955
7128
50886
5460
14881
18805
55715
23673
42644
37820
29684
47260
65305
60310
58594
8272
8638
42154
62727
13264
23082
23598
9450
29938
35892
1194
35537
37200
7742
23873
63652
50217
5421
42819
6995
33036
24939
8733
61562
33819
1164
35013
59457
51164
61897
37914
17793
64127
49485
23065
61371
47340
58792
28986
15441
23053
51571
17161
8755
11155
40247
28673
16339
42483
52780
52738
2895
22279
5554
33424
36347
4417
41891
39581
21284
36467
14696
64652
965
58212
52483
59275
60283
58387
30359
46464
61833
7822
14263
34246
30447
51401
43773
32161
55237
37633
53540
31174
10244
7236
39090
25900
7414
31825
34638
3893
56177
27053
25215
49253
49181
10902
2524
62444
9758
19329
6590
13256
40603
38781
10665
30304
60192
38440
10353
59042
58958
40748
58913
164
19262
11557
14329
20414
48156
40691
60253
48417
11527
53338
14592
43648
7768
5864
44408
9879
55674
36901
26495
29671
3413
26765
11017
42281
2735
31359
24856
41779
4048
11354
49964
37087
3756
41866
11080
1958
57865
36805
59919
44307
11471
35205
47008
45837
19485
64624
857
2663
36743
24803
45809
24929
48667
26134
51758
26625
28559
31126
34324
15823
16054
43048
1336
63815
49916
28010
13432
26898
11061
112
56644
7871
22725
16323
47177
7629
13379
14148
58149
42231
52807
60405
6589
5479
56601
50163
61491
57403
83
11393
63253
19932
50575
61088
20055
50317
44285
672
5739
9928
40674
24248
4834
17088
9033
30104
25363
35321
39324
28411
46274
25291
16963
59222
19777
64713
9661
57378
18765
62704
32637
45472
59127
42576
11975
9242
2880
58630
10242
37998
31787
52534
58382
13225
63844
42406
4105
56594
39092
12248
63842
40237
54683
10671
43680
31053
10298
48381
44638
24098
8309
46639
61092
26125
14375
944
39271
17017
35443
30409
43886
51597
55782
11794
41839
100
15547
53406
19762
60160
32865
33186
6159
54737
34867
14738
60886
11608
41666
58358
59503
59266
30072
49708
36776
49314
45813
16707
40395
2985
43045
60287
31175
11345
24800
20080
13485
45955
14600
56911
48395
9205
21507
34504
63261
1541
29066
26554
15642
43262
45106
37275
56792
21026
50091
18431
7533
29792
44051
772
16999
58519
56167
46552
44093
54863
18269
3551
33582
22798
55112
11297
52270
22347
34503
25544
18834
59186
61863
20043
8139
3252
22179
16172
46560
30055
40858
1710
25037
39596
29967
32918
60304
64365
19725
18565
8019
8065
37945
49196
15943
62475
26975
38436
52857
42709
40233
31198
3638
26596
53724
58550
53960
23286
3819
20321
9790
2429
10267
7961
4252
8425
42538
62955
22555
15572
6074
7673
11932
54921
35824
762
8174
46064
8781
61742
52190
16141
18984
47628
6471
60838
31431
52890
49850
19116
26600
45583
19327
37704
38555
9858
23919
1371
32368
14736
62897
54983
62867
10855
59024
55980
23339
53783
20332
47001
23742
13592
35151
7901
49571
32707
42329
60736
16330
21815
34211
3897
14573
58420
44935
35925
38335
39604
50761
48231
11651
58333
25483
35977
54007
4825
42024
30971
60205
2530
47667
55632
18961
38528
46947
34800
55665
16854
46563
11507
17524
27053
61022
37596
33075
22114
61594
9327
63681
10598
39367
4312
41708
45450
48074
35588
39696
23612
62266
60634
7845
5698
29161
14376
53240
39529
17110
61199
42712
38810
53153
18349
64068
12875
49011
11230
2829
27631
35660
61204
43284
54132
11204
31175
2151
42646
19187
47393
49076
36467
26427
41267
49440
49404
52642
25778
50587
39338
55428
13607
45974
58108
62628
16442
11881
45279
25467
7655
43936
34797
48816
26674
845
18470
973
25879
40240
62615
3968
46767
36846
30480
63441
22353
28610
19717
8151
30146
40795
62447
22764
14714
9840
55804
25438
56795
59621
55729
24504
31720
31505
26289
61657
32959
17612
916
17720
38100
32610
2110
23835
60043
20432
25450
26022
19012
9685
15370
31352
7296
37878
24910
36177
48046
53842
48398
59191
45677
42843
64090
58526
62884
56252
23904
50447
32631
65359
28741
51508
15616
30299
49127
44959
59784
61140
65039
39446
23811
3422
27643
45735
38974
52633
39124
19648
20599
6127
3547
3821
13003
54442
18133
3109
60551
55329
43046
58054
51755
32938
9476
54145
35311
54750
5255
47329
48977
35913
44933
46095
29828
24660
24698
63945
37249
63974
4971
26193
22235
59394
3676
20041
5968
8803
53545
64275
40316
56099
2761
9470
3410
8364
50566
40006
61814
34478
21807
40147
13918
43953
42429
52269
49213
49076
10931
13627
14321
35821
11429
22422
51478
31616
27801
56641
37360
41617
26980
38320
4737
27854
59388
44743
52587
38239
9862
10288
16676
15586
22078
57365
5014
41254
47514
63951
5327
20872
21585
1764
20750
27527
29443
2767
17845
47489
34075
13082
25215
36595
23135
43718
31280
63862
6959
40485
2917
57072
31491
24805
5267
63388
4476
35278
18364
51719
25105
48334
19713
8157
58487
39088
23242
7337
3665
17696
56630
12426
52250
56527
29949
53694
4871
16373
62860
167
