32385
26637
43467
58057
63701
807
65146
44168
5977
61212
4730
41279
25564
20280
50486
63693
19707
26215
42528
58564
34032
22636
14254
44919
33423
64306
50458
28247
49649
50119
53479
18213
27977
31332
38510
44939
41706
56258
17589
16460
40383
10235
49789
5586
61320
32066
48993
45219
7850
44702
5913
50971
21930
56806
18339
39460
7286
18238
4059
35680
24071
65221
63125
42262
30646
64285
16670
42762
62022
53606
49918
7717
35686
63459
4468
44789
44047
55555
41435
21882
39759
28777
30426
26159
48701
12091
44267
933
22771
10603
28757
47918
63736
19472
48893
50649
63800
28602
13820
17779
64322
46867
35078
13769
38328
12385
45471
53769
17378
56497
3825
44570
2432
25643
6181
21929
25188
35005
44022
4509
39917
19251
54778
34155
51739
17474
37669
26264
53928
42852
36713
13054
11112
15713
24807
64327
43596
32002
15278
11429
41881
8948
50466
25667
44961
11235
39328
63514
32787
3521
59099
50036
1734
45531
58046
48100
12884
21525
1633
21857
17768
36572
8390
39867
58534
64131
38262
41022
6178
9689
20531
34454
40017
24864
22492
23294
44364
7001
7063
4850
52379
59468
37196
39620
15858
22310
13748
28912
49490
31731
44024
7537
4595
30299
19516
39904
11830
21948
45710
18038
35760
56221
38009
25020
62457
41739
31581
53643
48299
47090
30502
33624
44099
24493
11659
45894
33505
51622
13396
15327
42515
1156
21674
50300
27080
17577
42470
51929
12939
26737
41614
39134
25270
5521
61168
56806
37082
40520
21870
20231
21223
76
30283
51676
58863
9408
16747
4624
8757
64262
44570
19416
56057
47947
12069
51013
55606
20095
15454
61219
56691
28609
56200
56785
15838
18431
34547
27747
2512
64238
1313
10362
44465
43042
49053
13502
23183
46491
38418
1680
25597
60253
64405
53376
15188
59421
18741
57522
49164
55573
20782
57000
7335
43610
8353
25983
10820
46325
34767
51608
56980
49447
15861
36537
22216
60694
23653
46168
27824
39913
25365
6455
32390
60741
51136
33427
7286
65169
24262
39091
44234
34505
49619
25939
16900
46316
39529
14607
7829
7714
38726
10249
49437
65427
65426
19122
23579
33855
64608
4049
61353
57190
16311
13617
24695
64353
61897
19644
54962
28621
33233
8372
39181
44112
47689
57384
35543
899
8697
59588
22424
53359
47711
6169
18203
50890
14564
63761
58624
30018
34382
43666
53379
63404
53296
1933
29249
2990
15001
53375
48470
32237
3495
13238
40516
20434
33285
23872
46165
63929
16724
24037
38869
35249
56380
49372
5419
17024
61973
43927
33834
44714
45180
33897
59151
4824
27167
24310
42680
47513
43804
43842
3673
21722
9727
5978
39464
47208
2272
2743
51095
47217
60056
30194
37855
20364
31996
596
1837
43738
61938
44298
57897
26129
42943
19879
23114
63933
24292
56018
18350
24345
12354
9378
4990
18651
10848
62650
18382
53839
53421
1313
54441
28093
24084
51278
52379
6635
46277
34063
52372
21458
1117
65231
53440
64439
8795
32474
25644
7027
52430
15572
36469
13743
5248
6532
54595
22500
27754
6374
20376
16963
59970
29583
18220
57194
27491
47044
9896
3745
28612
33215
51190
39804
40720
13363
41186
42960
18232
48311
27803
15741
20471
59411
43879
28128
61449
55339
50505
18460
14037
33601
36537
40613
2333
9728
47415
54564
38726
19943
61205
53502
21628
33230
17094
61605
43802
31788
8683
59530
41119
54991
10393
51975
22583
41308
20096
38849
27949
9061
2477
979
52673
44117
38699
46785
36065
19938
49526
53071
18675
7582
63392
64750
25744
17572
2870
47224
16300
22628
42859
9093
36479
50431
32120
56726
59327
44461
34743
26099
2472
39797
31939
32200
40239
50601
4750
427
251
2063
17564
8099
39311
1135
57151
32020
39127
50854
34429
58135
10405
1385
62752
40352
2819
48782
59633
30559
18366
55673
37969
2880
39691
53634
26142
36291
52210
60181
39922
20835
33116
12118
41114
4843
25590
4817
3209
23510
43666
55722
6463
56084
51369
7056
31803
41775
11078
20486
53409
64384
37928
35338
28478
29719
29867
53129
1122
42352
16754
15759
10923
24972
47910
29529
55848
41252
15317
48978
21708
30352
48728
51346
29753
63506
48314
41191
25118
62123
17158
60397
28193
49062
16652
52882
64994
56286
24249
1518
54949
42132
44441
17770
17620
39310
41222
3573
61142
41305
37861
15059
22349
4325
32444
28452
21790
37316
54634
17967
25926
34317
25575
10637
63371
11939
64060
23003
5222
63688
20582
31677
55671
57478
52413
9766
45316
51951
18346
18244
59173
52981
13673
2649
11048
3239
40361
27380
63068
38309
19391
21876
57641
15584
54894
12914
60308
28250
28068
4981
8813
60886
37176
57878
3019
20974
61823
51311
19040
24672
11566
28801
59722
56951
20089
22679
45071
50648
43901
35944
52557
16204
15626
35686
37452
60957
30266
35879
18863
50577
21312
24309
35147
61363
23366
42083
3132
40925
42875
58576
5239
2400
43439
64449
29920
34576
17920
62752
57010
48758
48348
60872
43152
64244
57278
51943
5287
54386
14177
17270
23127
57607
13227
21499
25345
39771
23411
56694
33874
5231
4325
65082
40563
22350
3340
17918
35296
19418
21575
37331
46145
48129
45102
23536
58418
61020
56360
2355
47590
25484
26782
41782
57212
2328
15629
44270
45952
55560
38283
3554
60916
18329
65348
23997
32293
49597
13297
37625
4551
57134
11021
13333
52005
12943
11054
32724
63915
20720
20863
8416
65059
30115
63124
37948
17650
14540
3850
42619
28078
52289
57718
16622
24046
39973
52049
22843
12957
13867
23945
18015
44511
712
7396
38905
16823
23775
6323
10792
34266
54337
18189
28913
55326
37092
31371
31391
45713
48227
18279
5890
50354
460
28738
60787
44666
56584
33116
65013
27283
24122
18259
4284
46699
55020
609
28926
5817
60886
377
5304
3702
11021
24893
32851
3860
39725
21167
7763
30590
16194
2984
63452
37471
336
32635
23993
9294
17031
62727
36146
52034
50084
39165
22847
60996
40975
50634
24111
37183
65036
22417
36640
18204
25202
8629
64645
57162
64797
17757
49131
31975
34106
64395
11812
56389
16454
18000
15450
28177
59966
56752
14170
58337
20682
916
36664
36533
63542
43912
22637
47707
32910
40538
16206
4954
44149
16023
26260
26686
41575
48360
46264
3350
33467
63994
47965
29434
6786
46969
27175
947
8871
9195
51011
20153
49200
46847
32405
21939
28219
6067
33562
60554
19170
41
57642
54481
26676
24691
52414
3274
18180
5404
53574
50189
60450
7633
46239
31234
61938
52335
21954
31966
32841
55520
10813
58674
4772
60061
27151
44645
39506
9967
45704
1925
26826
8444
30938
7949
34684
4275
5569
25320
42976
51960
31712
64310
36593
52581
63788
43852
223
49790
36614
33099
48485
14741
21035
62706
49295
18101
7792
41457
53628
25064
40807
30115
44648
59808
52059
51994
60942
23074
20456
22022
46792
21215
38879
30879
34386
53787
45242
21925
47241
21124
31919
14257
51787
52812
64306
45649
50327
29027
43078
51801
20735
5718
33953
56153
16675
36801
19197
32894
1393
31930
52819
56537
14784
43999
38003
6161
15248
39452
32448
32744
39813
21320
52025
34493
496
30129
30348
2841
31262
26487
5955
20490
13398
21371
3817
63692
10803
61587
29085
49061
19976
15475
47241
16876
37045
37330
16388
15592
44463
59783
33356
12263
5043
36754
4220
20402
57454
28669
24290
33935
13255
5333
50062
28625
30554
45055
60709
4034
61479
47397
47623
22083
34114
60707
930
28438
42131
47817
62708
23733
31304
25579
11654
30267
11368
36490
27284
36893
38754
57173
48242
39509
36959
21851
54431
61247
43790
37652
56572
22298
61972
65209
40217
48444
3824
57938
39842
46462
38009
47736
13973
2204
28248
62278
52901
12844
23348
10180
28188
36407
43212
59050
38745
7652
54318
4753
3268
9028
33229
51389
2399
12930
18025
18940
37430
38543
47809
35951
57146
15018
10048
30436
44941
52484
61620
15691
63829
64653
62735
6171
16528
53051
55297
57211
10256
42856
45273
21907
36198
32671
56954
20216
34973
52472
36481
30791
10396
31104
62533
17346
59041
11518
30620
39653
43858
25817
26000
5254
16882
40198
54
36215
2336
62378
13218
29320
31413
62326
63859
37945
43800
26044
25360
12412
4077
45938
41537
2879
61629
21826
21774
60027
48244
45181
53159
35171
12450
2445
27385
11372
59373
22811
55472
39237
13494
6022
55007
2046
60190
23696
38823
35176
41308
62327
3892
20551
10546
18467
11386
47453
34220
5301
28823
2749
14591
5330
10452
15779
64880
64796
35352
54229
1706
45787
23873
42822
7639
1240
10130
28123
3098
32386
55777
8540
65307
30548
12621
58316
11120
58663
51976
23696
27558
21541
20825
40792
52779
31008
12644
53040
4489
27406
29052
27549
39798
53859
27207
37432
11267
32176
55077
9441
37019
61171
34892
23084
44731
40562
9806
21933
31944
44696
28735
25430
35285
61599
52957
28743
7265
32722
27147
4332
23286
26836
3775
22054
59162
53374
27765
64979
7848
55683
59927
23559
40347
32799
46995
33703
39956
30801
55878
28073
64439
25249
40348
65302
31243
19229
45095
2256
56488
28181
58416
59964
44469
31538
12059
26603
7543
61429
46371
11018
47643
30086
30268
50010
61377
8057
18187
38608
46468
49533
57542
29711
21163
16324
22927
62982
52348
39437
15913
34253
25477
20544
53697
35587
32951
10192
18627
2506
42566
48996
39350
34393
7618
31001
3666
25043
8946
1319
37208
52451
54178
28780
19030
14323
28529
30055
33638
24787
36052
18167
53283
3489
39909
25758
63717
18015
30158
17206
24955
39152
48054
33145
42489
58449
26908
53928
11599
46320
6980
55874
16148
29630
10551
43412
44251
2772
62648
57793
50765
32117
11519
17930
5015
8983
32673
58922
20516
19079
10250
49005
12080
58005
49475
44950
38745
48297
14011
41850
28276
19899
20414
6870
60667
5002
12236
40375
12764
63821
43563
23383
51827
2646
17306
40808
21163
10624
50426
18053
61329
47599
51013
30510
49120
10801
43171
62640
2173
37863
54673
24259
12756
26959
57493
33652
33583
47900
53239
25922
17929
36858
33553
5409
44390
50533
65403
16582
50197
58966
62287
65197
48284
30943
17654
52764
34225
20800
39007
53057
40905
22935
17955
12531
65349
8175
32290
31327
19191
45581
56683
54419
61938
6779
35849
43908
34258
56973
64550
30898
2436
11122
4161
11888
22444
56349
44769
14823
57403
20003
25714
57959
63142
56550
2338
25730
65082
35748
31436
8304
39341
18509
21915
38331
46264
20245
22750
24631
60938
40787
43094
26991
4105
15622
2048
2821
47447
50465
42822
44794
57203
57686
9216
27198
49153
60479
45864
37523
19888
7493
20206
44308
42885
14029
17129
29646
33716
24900
47722
17194
23989
54744
25911
38964
48507
37433
39999
57385
54675
25659
9341
32794
5144
18464
26061
28919
30448
39463
8454
9981
712
61518
61404
59084
6109
62666
32954
26382
24469
20287
33321
888
36335
8160
8934
51541
5509
39138
841
14434
27715
46916
2978
7388
20337
41461
35699
21711
5713
47132
9838
51957
24736
31491
22776
3793
56005
54619
3085
7825
55538
44873
33839
18677
30651
14936
35328
64484
61093
36501
27768
52146
54679
15945
26155
52345
44142
47300
57041
59716
44637
7689
41420
36349
27871
23371
26839
46261
17176
28610
38622
45299
48236
29931
43612
25799
39775
17454
53411
34940
52592
6348
4241
30582
27060
39336
49393
35724
54752
3157
18914
24929
63035
43673
61725
30663
16771
1133
2836
64824
8071
46840
42690
51273
35812
35647
62155
59763
44195
46881
10175
5440
37396
11161
21881
10175
65188
36499
36621
45242
45742
17483
39300
57388
26555
7058
12332
38935
51239
36267
44914
11526
56588
18114
5037
61099
48723
49210
50805
58045
2040
2051
47050
11945
5339
23454
53371
15150
16870
41268
20515
19896
8135
18353
48993
62010
3991
42517
46239
38650
10595
48895
14568
26575
15691
19743
55960
7839
32872
33447
55842
59872
29081
41904
44078
10122
27962
6606
30769
63625
15984
40684
33891
47933
18340
1955
17122
12756
6124
19363
12472
3080
61887
16732
31398
20288
4075
51438
2903
51675
34677
45279
11655
58566
30005
48195
12259
56988
17975
6014
36413
21912
28003
34578
900
60220
2013
3724
64983
34745
44945
36570
5748
28093
35413
9732
20534
17694
48111
48476
63755
16832
60879
37901
24015
32664
12864
8769
41499
19219
25106
60362
46064
60649
32040
540
65427
9996
17723
17541
48118
28861
51031
57795
47624
37785
51746
34790
20611
30346
21468
16361
40023
22214
931
8829
57856
23162
35270
63096
41923
17359
35010
15985
15518
43908
45274
21959
58329
4932
61808
43517
28747
59577
63765
30032
287
40994
30877
44911
56907
59858
34344
24529
8378
4100
19601
58496
24110
39695
29620
20190
18162
5665
9998
34788
12376
27286
63223
27790
59737
18162
33114
25922
36183
52791
1459
24614
15097
57226
51598
64997
27972
25570
55703
23689
17686
47406
52266
63945
61247
58029
37079
59713
18509
55189
5889
27020
33162
47557
23938
17193
7896
39513
11123
45487
12982
41860
16164
48634
33785
40835
18187
21219
47482
37278
40872
38885
17333
58863
5120
19979
10978
55761
14729
46008
26241
22248
64276
31397
61128
5115
43814
49437
45468
38559
65204
62009
40229
3508
8253
56507
50606
581
46055
51377
60222
47559
32506
53364
8414
62988
42266
14132
43924
42721
7680
40675
31614
10537
63720
15183
26536
50237
9513
44248
40773
18845
36542
46986
36397
37761
24943
19163
42374
34752
17426
44171
46833
61217
44966
12454
27715
29699
47384
32497
35231
56027
4608
6427
59500
28811
12206
33294
847
56532
38497
62736
58053
59980
14239
40982
36983
52562
51139
47452
40532
33484
54661
50819
24424
4607
44986
37610
19402
46734
33776
15213
10549
49706
10784
17083
25073
31110
12350
62644
18239
50854
25427
50368
32258
26984
18218
61915
57603
32989
8470
21925
14576
63883
57122
45941
32158
49902
30725
30391
21937
53541
20296
55313
28146
28546
37288
26162
56628
12167
3722
44216
8072
63309
19439
35796
4636
2852
27213
16346
38796
42330
31748
58453
39888
48403
21742
20694
18393
47891
17341
58293
35298
43486
30840
45257
5322
21842
8997
11612
14447
11496
35436
36052
63927
45316
30987
3449
52221
57896
65031
58222
43634
26926
7415
49792
38821
8463
47296
58503
45970
52829
52988
63204
50524
9690
5007
25197
7527
36293
12624
5492
27649
24874
20175
61834
30564
16155
40555
60403
31889
29451
16646
10121
46507
27625
16676
19470
64946
22092
12707
62472
23480
3493
51526
2269
26080
8151
63728
26684
16472
5877
54948
11021
42036
40525
46269
4172
28192
47163
56971
24630
52776
65038
64775
7214
36121
3345
11185
52466
9119
64503
53032
35192
30399
9436
44933
9771
22560
23013
49623
57495
2338
19722
61864
54646
8278
63494
50194
34897
49335
62175
22536
16983
35826
12403
13377
2437
37803
46238
23547
51357
13931
42685
14075
19373
31384
14239
19079
61334
35180
14686
34769
6795
8796
2057
60426
4724
46107
53027
13844
29644
49973
1596
18443
8185
29105
34161
40179
54153
23907
42167
33754
35969
9340
45210
46706
55828
1429
60182
26197
55032
23102
10421
22690
37456
11669
57925
33202
27748
16807
29401
11938
19518
60674
22619
51781
9717
32281
653
17278
1186
23758
60739
14549
24598
43378
57417
48405
6569
14069
54858
16942
53936
7034
40767
38632
52853
10920
57036
53793
31975
56448
9204
58701
32278
42316
15159
22279
56304
11056
8592
27831
63389
38109
8218
15248
22068
5174
55808
43714
46514
39618
59446
61952
4975
19133
15139
21322
52106
16956
27536
29971
5334
19396
58241
51091
61650
7833
9667
34404
36502
58111
19278
52004
40063
24118
24971
16828
18439
27539
14053
10101
60123
46086
777
4551
29535
37874
21193
21383
12148
30474
46640
27426
43404
33043
17864
42469
12077
51858
23538
45551
34111
33872
63113
19833
3775
3907
44828
45223
23182
19455
47541
57485
321
52015
53242
30369
64258
17071
15592
2535
6098
21138
23843
15398
34240
38124
44354
49683
49270
24349
18818
13115
54061
52456
45457
21092
13090
10484
59649
43585
18380
4913
47681
45902
2339
20712
16396
18175
61766
5822
52123
49844
42896
34578
14913
10784
55987
52764
59513
49411
24249
17523
65226
52935
63934
60978
24054
8143
51409
49687
26389
16152
20816
44596
45706
59
40114
3501
9530
27285
64916
22792
50212
28653
47923
15675
45218
62010
18736
23623
2962
38985
50495
28903
60145
28896
50760
5890
4994
26249
24354
37210
28386
27457
9097
63861
1418
26366
10690
1168
25508
33867
46757
3970
41102
29310
64948
26433
63058
58626
30816
48738
62037
13686
11292
13032
15995
16995
3507
24700
782
22691
54938
11792
38541
51415
65369
47362
19331
677
41156
6546
62875
12683
44947
9729
56008
53665
57727
38243
45199
2586
11255
29694
38945
63682
52058
8683
27277
6135
28799
5867
30811
30543
1179
64734
12739
56238
5318
28524
31873
39079
26907
6244
7005
49232
45316
18984
59638
65151
43311
4091
50213
49739
27307
23621
45447
27527
44399
62037
10644
6153
16229
38414
32456
50726
49997
28247
58950
34437
28680
26263
32300
27825
35848
12980
11897
25119
13854
38616
46642
9731
22659
21920
56911
19540
1941
43735
35284
50368
22067
44226
56739
29976
56055
28996
37272
35545
11967
45605
18856
34219
45866
31104
15370
16426
61386
46170
27339
34165
21607
6519
23529
53205
17652
55722
52993
56936
40832
26492
58486
23914
62819
29480
59151
9480
62488
2344
2745
59534
44577
60533
8322
10256
2337
25050
21007
50446
19365
57144
7781
50979
64333
4930
42001
43561
32467
42811
19978
42031
55485
52994
60271
515
9322
53721
48392
61445
17542
15051
10686
12453
41920
54283
46832
2600
59948
65305
29320
57152
30909
48393
7547
7928
63281
40735
18564
36489
25597
25052
18471
17899
41080
14168
10739
39571
59708
37993
40891
54915
61141
61031
46941
17378
57999
42733
2490
4018
18692
21286
27070
17221
37110
36826
62665
26921
4168
10139
9645
38576
5742
28185
32608
59238
25884
18084
31715
21395
3115
55115
13935
51975
35907
64549
56603
56959
8909
34417
57624
7753
32993
48706
38967
10065
30442
25375
37187
46557
22108
58455
25758
7803
46120
38210
16997
31643
705
16543
31844
27023
16402
37040
29788
4225
23995
42899
18463
21148
41387
38460
57487
64013
4906
48161
52003
17802
20110
50608
1706
14831
56227
55447
3699
17647
11825
35626
55300
25647
57793
36107
58749
58004
48281
24245
52106
36401
16666
40623
23734
3011
28156
33905
33468
14411
48578
58964
915
2346
22166
20343
18500
40525
14515
7507
35147
59079
36700
41194
33615
16440
12060
41025
56815
40954
61108
19834
26105
61747
9830
35767
9032
43772
50581
42801
19797
22347
1308
41698
45039
48609
13848
30770
28860
12507
12592
4606
55701
63439
57914
14409
13192
21852
24435
46057
51657
56469
15751
19304
30786
22716
14509
46864
43136
40376
3809
41121
192
10351
58511
53857
53529
53776
42993
53188
47548
752
38551
45876
17035
25707
38550
44397
47639
19719
42901
16930
32710
41298
14509
21302
18553
606
9266
1583
38853
33681
30925
28888
62950
54059
22335
56706
54354
63870
32020
53358
2753
47314
59750
23390
9934
2075
52275
30966
9433
64240
11442
11345
49501
9007
8951
50849
9113
23082
38847
55982
30309
31802
10189
54369
48127
3753
24819
17488
6396
39130
13082
62781
19988
11171
59423
53400
34207
53577
62501
12464
3556
64702
19934
39887
62316
56305
48269
33365
44615
25285
62575
63500
59500
56659
35692
47199
26214
1014
41646
12425
49494
21970
2342
41454
44749
7861
54340
28180
55585
41276
23106
13995
47799
57333
43565
27825
40868
28911
38682
19289
26890
62470
34095
48815
24593
25943
29163
15166
51812
54298
5977
45744
7691
46731
33150
38651
22107
9524
20804
23654
55826
18336
35310
4490
4911
63437
12428
38003
18867
32815
8427
34424
15501
50390
31797
55821
45044
14474
40352
55623
54094
45385
51253
19629
38645
44427
32182
49013
38264
15178
24629
27330
53306
4700
8228
61714
28829
3557
10439
25230
6446
38603
33093
16006
9560
24858
26425
49624
16384
20239
42881
29899
40765
32278
45280
37237
42328
40638
30464
17847
46569
11672
50703
50595
17873
10340
15853
29187
3524
27866
23127
24489
19362
50533
45032
45502
7553
10364
24918
39546
55150
21710
51562
15600
41651
23401
62493
23969
54032
52754
40877
55512
52779
24093
43243
40211
26480
35515
19974
56859
7667
44831
53642
36903
29806
29835
52031
35090
18498
19711
63544
36585
63189
8193
50656
11853
59362
31859
1616
48623
40051
26193
37446
55305
40066
9899
34787
21393
10325
65173
27100
52352
9068
44436
9890
56613
35066
34614
19980
22225
57761
59597
34967
2654
25750
43326
33820
9447
10573
36243
23001
28243
14856
50197
25604
17750
31703
10198
54219
3437
45155
15811
27319
26878
55001
35878
59203
57093
4417
61118
6041
57070
48491
57229
62554
7908
12957
58820
37007
33974
44151
31515
38611
6112
27106
18793
39117
14449
52947
18064
27287
5279
50809
11292
57999
25551
54455
402
32618
36462
2014
19551
265
46737
65238
10895
46702
34856
32818
45133
919
36153
2140
65250
39151
53096
9965
43530
34263
15854
46937
37305
25914
7583
47309
19004
53002
23665
29661
17099
43048
8123
51106
12470
24240
48112
25734
12575
5914
63053
3597
63020
49734
63558
3798
93
1497
35090
16174
64825
28812
41731
39792
36012
60477
61114
46582
13644
13497
41383
37195
54984
43356
41299
29170
30252
38091
20051
7941
60421
28914
30231
5068
47634
28141
60682
1100
56739
60412
24215
9294
51210
20840
36956
4176
16335
63518
37259
40789
1259
7798
3631
48257
16861
50683
22043
39891
4730
9485
19948
5503
44737
10982
36650
25091
30190
42958
1730
49297
21345
7316
65426
10360
33395
55209
58083
64526
2302
19413
25955
58989
11891
42722
30621
64729
15400
53586
7001
58164
24456
8565
14708
28983
41636
31243
6891
64138
6982
12455
61924
440
35133
55350
52069
42815
2988
15574
12233
8899
56199
27827
31896
2123
43027
30961
13665
12432
6009
25135
34514
15799
31626
33242
44283
55311
46905
49772
8881
15919
33501
47624
44486
64413
10887
44839
6178
33003
17200
20190
54136
64727
27341
40841
33694
59812
3287
26247
8685
52399
19282
13996
3315
11551
20701
15626
16216
46151
5264
24576
18767
29721
55102
35755
47083
17202
1000
29690
7971
52854
39743
53755
46798
29253
28661
57553
38025
63517
5397
10193
10761
18901
42103
45251
25183
56133
16248
15242
58643
43008
39352
59363
60126
12403
1823
38017
47048
43375
44277
13273
26208
29345
22912
25278
22473
23413
59982
18663
5855
35620
52001
52799
54276
35340
58969
26429
28427
17644
55870
44189
6317
1384
54005
20023
9012
33207
50503
19647
7171
62645
61601
27571
18324
30820
38915
28739
38355
23713
35727
30002
52878
49962
13663
11921
5550
9301
20684
24685
63808
59168
654
18647
27423
19303
49270
16805
43662
36502
60052
10156
43462
34199
41599
12442
4248
54398
50558
7979
54331
64630
36801
28666
49741
2879
5983
48766
3353
15180
19302
28197
43732
15682
41537
11468
1669
64418
27336
39911
30343
19560
58549
35244
6054
9719
30980
39780
63427
49125
7656
46121
35144
27366
64678
27352
30172
47741
4617
27004
39872
18885
57042
50467
6350
17613
63751
17957
48401
4646
48039
30128
20592
62576
9646
63743
45095
23903
64143
39265
3324
63910
7668
55943
16078
16508
11157
21068
32221
45185
48611
49585
10711
22512
41578
13669
62629
38697
63774
25395
47101
39780
24979
12753
12312
2750
7085
61522
61396
55174
29765
55438
35248
38772
58540
55269
63508
23975
42796
61476
25121
10117
46992
56644
28183
21482
63496
27845
35285
31185
60449
3547
58070
39404
39864
37708
60387
16772
56265
61079
52845
46269
45816
59343
13688
33253
60099
45881
8382
48315
7310
60561
50931
2760
28752
58820
27150
48147
20325
56165
18426
13476
49554
57183
45348
7704
51070
56150
34996
43244
40340
57667
61373
60120
14092
49971
31007
30721
12362
257
8262
28690
59439
14396
25967
42743
51758
34187
1679
46712
15072
12289
49699
51181
27854
60974
22444
3047
25458
8335
51878
59539
31479
57992
58614
19094
60321
53089
22763
42001
10234
56850
33064
12396
1116
1945
60033
65042
35275
21192
57868
42285
28660
54774
38754
28256
21930
59049
6759
23782
5674
33568
40774
42211
25879
52835
7391
21658
5441
61840
54978
32827
64292
42072
30270
37696
44266
53239
60591
7421
12588
47179
62064
27622
23243
60293
41692
33789
22052
23734
4056
26954
59672
1427
29260
34184
30219
36761
60071
62975
21975
43292
49729
23254
36304
54577
60954
5149
50121
6329
19896
6489
50768
19058
41376
6501
61460
35333
53747
19617
20802
14908
8542
57246
7108
13017
40343
25480
56278
13001
55476
42582
4886
27170
30009
1757
13960
30275
44430
44648
7048
44951
31214
28872
5672
13660
40507
39638
39957
53057
17301
31747
6690
18288
60425
41995
46532
26400
54974
36262
48820
27705
38293
60224
39328
2665
48508
50443
7974
62881
2809
42192
33867
46045
37024
62231
38583
50180
10473
37107
41081
30120
5195
57073
30060
36282
48526
1664
64822
63923
52522
24080
39387
60579
26133
37767
60593
3262
64446
49051
1687
45768
59943
53770
28426
35205
49900
33073
63005
22507
55709
12204
19309
28813
56609
35047
15217
49749
37851
16543
7899
8567
60106
44918
9947
18909
56727
63952
50886
12758
11615
1946
36971
50311
63939
28763
59470
29180
30934
11988
18937
44627
39538
17289
30688
46513
43377
16468
38443
41136
23732
42099
18890
23925
1783
196
44141
5328
64578
57266
61436
46347
27495
47563
12893
22166
24433
16622
10419
23675
7911
33042
53109
15440
49786
42017
49343
26005
59258
38965
12558
59941
31733
61678
15578
53510
18097
62729
62083
52077
6190
24176
63944
27060
61406
18657
35125
31503
45230
22197
61444
47802
8620
7382
47895
11364
91
25060
44224
3407
30406
11428
22043
54050
33477
62930
44785
873
57775
33083
50592
63608
64877
58848
9387
7253
20176
22076
46115
17728
8108
35359
112
22981
48089
25694
49640
53096
20006
40917
14818
13230
44889
50815
22707
38181
9179
53124
17363
54212
13042
36828
21778
61866
40736
13170
46016
29031
19086
30816
18262
16138
43913
9281
42696
39427
35495
8958
8480
50580
24087
63804
7809
688
59111
58042
15958
63571
42511
41526
52637
25689
60524
58515
40152
34980
49474
64188
23977
45056
6356
9470
26874
10648
20204
25312
38356
54133
56401
50880
2035
11131
19146
38621
48207
18391
54486
29506
6737
34687
47743
59188
11293
50504
52221
20996
44520
29311
1928
63340
10075
58859
28275
65130
9783
14002
19483
49535
53623
3632
58553
24075
17626
40818
57137
26399
51725
53902
4267
53201
38634
55816
33831
10461
51721
5904
55275
18015
58659
8938
7125
1007
61591
21362
21759
39108
46178
37552
52710
45499
62878
50158
6104
36446
1657
28774
9567
10773
4942
40748
57879
3910
7269
18565
34866
59767
49208
53027
60374
49325
59851
58374
27574
17133
39348
36274
44722
10205
14256
7792
53343
49361
53737
55701
63425
45308
32220
32112
12051
58641
2848
58832
53619
40
53046
11392
15512
39821
29203
42575
55875
2275
7913
49306
15966
18202
33051
46426
14742
21253
41646
7135
12333
3737
48870
61386
17886
38450
21534
53228
26143
57324
47538
22516
46048
57275
63715
8823
33444
45141
16150
9320
34317
42697
57069
27362
9182
39151
3291
10522
20049
20107
49871
29955
29412
35099
43595
29961
24965
24193
58604
14311
10160
20768
34235
53301
49230
7604
53139
34454
42714
3993
10583
11530
36812
59983
56660
34944
35436
38695
32332
41342
46826
19570
32510
36866
34972
10608
60964
61032
62202
50361
51254
35162
11046
1352
2269
58239
39466
9891
41553
16046
43397
46449
39819
40134
44631
54534
47914
50578
38506
55760
11789
36451
26210
23938
15737
27841
39713
61787
11479
16116
20586
24321
3775
43645
6711
65349
47226
59903
11444
37809
21268
15009
26498
23545
18441
14379
22661
21770
23305
48252
59424
13038
39686
48122
54830
552
15305
60220
33079
9352
33726
62182
30260
27309
34375
5170
738
59843
9410
1449
5199
31513
31381
28076
51820
49012
25759
24152
38884
15593
17946
16465
34273
21372
51829
49624
17660
46773
3393
13985
17769
44154
3691
29922
31743
46285
18561
53281
32494
17656
65194
15130
38578
56400
13373
46019
3621
62639
40560
19446
4396
62353
57549
64835
39505
59698
2632
21172
31073
23033
1517
53796
8759
36464
14527
9838
8323
15412
28508
29347
23680
41246
27719
53713
35537
47220
24451
33844
48891
25639
53421
51596
22153
61604
8026
48963
24341
40111
41662
17246
6422
47241
15098
33352
27258
11810
55451
30742
35713
43659
38609
35947
36899
34287
17373
42460
36585
1325
5841
48294
15520
24837
22508
54492
19528
8182
45675
63608
25914
23565
9043
31316
55969
43878
14862
60867
22051
29653
25144
63526
61048
55567
10316
48932
1965
35440
13917
61842
47220
35957
25038
23044
35651
37428
26726
54549
60458
61096
60441
52427
58057
7809
12636
43776
7827
49609
45152
6946
59445
18621
18250
58348
62464
41055
48214
1704
36676
1889
23551
37064
43788
53163
20523
3915
31935
20985
52572
41794
34524
35566
42272
57358
61954
18786
43083
43872
29944
16958
4199
6187
35737
52460
54655
61296
17687
24205
20156
34451
50119
52633
25957
7516
60398
60690
24956
34121
21654
17770
12218
96
31009
17475
45274
3750
42830
28164
8337
55190
23652
27957
15165
23232
18310
60132
41234
18378
41594
46932
47192
35762
54790
28874
50040
52660
16410
38997
17993
65145
56199
53288
26766
57584
8411
36988
42371
51690
16905
12829
58703
9147
62538
20220
42219
11276
52824
6888
16437
52344
57247
18744
43091
39184
60932
20359
3740
30259
59265
18448
42412
55905
52614
9291
33197
57120
10147
65357
49535
10010
62802
8703
37830
12252
60926
4276
61180
56471
41170
42223
41201
16495
27822
63486
16271
45663
59315
28398
9984
44167
17129
9631
20222
6506
41926
7279
45198
55098
63646
57594
34826
60727
18127
16542
47994
50144
21487
61052
56335
17686
47928
61321
38479
44179
39007
38393
64669
20786
51641
3510
33784
11377
32788
42861
897
47715
25424
8748
1866
4423
13337
16153
7126
9522
50583
1635
1813
37379
38104
38407
40417
18894
59378
43467
7817
42633
39741
3294
30785
17345
55285
58174
17287
59956
45305
51620
48529
30573
42683
32262
34508
39411
12254
31272
36943
49777
19989
40019
44005
57711
30500
34793
65205
43979
33750
43281
36276
30760
48043
21470
53581
56701
47981
25753
38630
2030
4858
60538
36831
48533
49036
57936
1860
8300
40325
14373
42591
15692
263
53533
13860
18467
21935
43498
53552
4567
23373
45572
52732
2452
19022
9680
19392
49823
24080
21899
23515
27675
50918
3483
805
31854
851
65058
4992
11603
47002
143
19677
47219
53963
43725
27665
39471
10044
34420
14464
12299
41391
53231
21150
3847
28884
14953
53249
28225
7224
16492
31408
14560
26249
50634
49027
53614
44091
53824
32602
24893
52959
5933
60425
14663
56617
8968
32325
12646
19390
59481
65267
18454
42176
56164
9971
353
16195
47811
42837
25763
27380
14457
39796
31016
10451
32281
44673
15563
11059
64045
64058
38433
2309
12504
8079
5413
55405
46866
22706
8781
12004
42567
42248
45201
46295
29290
13216
43618
21258
64909
61201
29309
26386
10546
58018
32446
14113
5760
19213
37243
1490
29662
34649
64801
6069
27686
55628
59665
41082
16802
63885
8386
25101
28133
18949
41608
35727
4058
28092
4606
31498
23739
1560
54626
23362
30070
21105
31081
30906
47559
22529
44167
29647
65182
2083
53464
20245
38229
39996
24095
13942
16025
38016
48066
42767
41187
59024
58281
55334
1222
20098
58318
38746
51155
2660
4858
60315
31013
9562
13329
26571
9955
29065
20483
36671
9032
60652
6012
48636
58882
44776
51635
2545
51585
9694
42225
13340
8409
22197
47866
44616
19965
52004
54235
43703
12056
13206
11574
47904
45474
16333
55925
6254
26232
608
51133
37937
10871
31960
37041
56892
64176
12644
6433
8826
33861
24612
3280
39560
30719
37777
22354
10449
50353
26086
60697
9396
7883
62932
24429
26723
32211
12753
3522
47165
9969
12099
62373
9852
17918
16452
13388
30241
4975
10218
7875
14640
50952
57071
28583
2083
29927
37888
5420
61292
62732
61067
16373
57120
32607
3182
27176
6831
6423
59369
18737
31842
52662
51532
9738
35267
7593
57404
60660
51496
16709
46786
46013
60544
28392
48050
45424
41495
22134
49762
844
3728
5973
30633
61056
36825
40260
34806
54359
33326
61619
53007
49166
49283
64751
13596
43980
12451
36762
31067
42063
16930
39581
31629
6444
40354
60086
21589
10157
25492
9628
57624
23802
40290
17936
52784
51834
41172
54643
20584
51480
42812
12091
63698
21554
64728
44324
28861
50776
729
17195
6901
46747
53236
47573
62054
50899
6693
30926
33989
10931
2084
55416
12998
45601
45794
3220
36005
18007
12471
62118
1501
13308
5426
7397
35895
5453
65180
20709
3788
44138
19751
59102
9774
46136
15309
8604
59809
58467
10599
35129
42378
50202
55981
29144
11820
8407
30878
17415
46562
11363
28595
42263
8574
24168
27798
4537
17135
58741
26351
40718
12582
38835
47502
38065
2013
44133
31105
31777
24569
19379
27325
45889
20151
50740
5658
57796
1073
21484
45501
13135
49671
29647
37596
6307
31445
45328
27598
12768
50452
60655
38116
52439
47885
51822
25626
62597
22171
33286
7458
18055
63578
32492
57494
40043
24066
36521
18106
17971
27942
40201
59505
3116
62563
29440
33983
3696
12099
49620
28107
15916
47999
52625
34278
34943
7105
31833
13714
26927
38506
63374
61006
63228
28470
3983
34677
11220
7052
17761
27220
19977
39310
58613
51126
62424
65368
1729
34514
65251
15595
13434
51999
10260
38513
37248
50601
32167
36686
35805
39299
60998
54323
42842
26394
4247
2322
25785
12883
38850
47978
52737
4289
34081
42523
21799
25094
33811
1234
38381
26368
43237
7522
55039
7155
16919
13261
10248
47624
27699
52938
26550
7863
57436
26203
34466
22129
37875
41520
36375
23169
34003
1354
47449
59584
53278
55962
5161
17754
64999
5784
41767
17389
7250
40464
335
10689
24112
1305
62352
44738
19645
54220
3484
364
44469
44883
32551
64177
33650
55611
31683
29431
9694
27147
55173
36951
4364
33535
43280
60756
11984
6038
58309
37779
55246
43517
12938
22185
2909
50398
48129
14230
20092
62175
14784
31160
33060
28051
35588
57131
17462
12995
12546
51427
63767
41040
27472
49020
24512
48823
60133
39365
12215
393
18765
45206
20242
53987
55174
50093
14069
21186
52060
52708
48164
8647
41237
2856
37227
21152
51521
19229
36895
34585
19808
61830
12672
37401
47734
43623
37931
65220
39525
31217
35229
58342
45999
13475
6481
43944
51872
55066
24761
48740
6694
20583
21195
25739
11698
52549
22664
14498
36914
10162
44686
1329
29747
64595
39822
59160
22402
35730
63577
56045
7915
38273
23168
50838
27799
45787
22739
57072
39913
21149
15779
28715
10128
18241
1662
60434
6034
56480
34981
65434
3430
52265
13658
47976
10691
8976
52315
59682
44989
90
19640
54324
21151
1954
24565
37119
42806
55578
40674
51294
60130
27001
30804
48340
56976
23093
26683
37233
12892
25428
11903
28124
23289
26782
50835
21137
41644
57096
43472
26373
19714
11710
15533
37761
57178
61188
28000
29617
62054
49938
56127
24706
53428
27583
10032
9545
44546
21949
48336
35920
24856
29093
3739
27595
44367
27638
55731
23385
51559
33439
12059
4359
31034
56786
41705
30957
17460
7559
55396
37488
61983
21710
30872
29135
59383
57205
38689
5112
18342
35659
46456
4445
27777
31904
13652
64487
11258
53862
10451
22186
24476
57844
64108
55643
59807
4187
4541
29222
45085
4869
23658
4580
8448
55256
3876
61087
9577
40592
48846
1726
21801
36505
17500
13174
56053
60869
40215
6745
27580
41359
12294
1667
2427
6425
1727
35864
749
29740
36540
16111
38144
56815
34387
62623
64080
28892
47515
35855
11129
53318
62
45319
39555
44206
62925
23612
59134
19068
24897
36915
62334
20740
26513
50877
41810
12172
47189
20911
33657
17713
30421
27673
7685
21318
25924
27345
53697
27535
8166
30070
23528
25679
30257
35519
59228
33542
8927
23376
13984
2881
37837
49493
16449
58939
6786
41212
31596
3898
1346
20346
16596
57797
39912
44845
44257
35719
5685
53558
60877
29487
64356
26220
4836
33660
41928
38957
3787
40175
42978
36810
57573
17009
15165
29303
9722
16412
37742
8314
63455
37870
13057
30281
8039
14096
18524
7136
57448
22641
50122
23858
42436
42136
9645
40381
49772
37262
46080
49746
21434
8693
38576
27231
14563
59277
18463
31754
45106
24511
39300
64040
44914
39646
45489
60986
17494
40778
1456
47734
21457
37106
36607
49151
6913
36299
34320
59526
17536
54627
23328
30609
40702
20785
14106
40956
49239
4384
45002
42320
8076
6241
2032
38810
38674
42012
8476
45143
55419
49242
40507
2490
55560
21465
26014
38551
38475
10528
38097
7407
11030
5077
48727
4328
50819
44422
59015
16630
9033
38712
40923
43282
54189
56008
45768
6638
45610
54639
4994
18606
45300
64806
29068
15911
37846
60017
60050
16082
6886
36203
23280
45525
23080
15725
43109
14474
26722
27004
28483
44048
25391
560
22982
54745
52454
27583
34683
27885
63954
665
59562
39363
52289
9118
33262
24399
2494
48138
36742
50912
31834
63025
60181
61839
28446
26107
58962
56122
38585
30196
20670
53120
16644
39715
58144
10102
59360
33936
52703
36734
9667
49703
49628
29842
1791
62862
1503
26626
6452
7029
40647
38502
60706
35660
977
20785
50486
18870
7695
30875
26393
37612
35936
29373
32419
13972
60056
11157
54432
65335
8877
3602
11235
15171
61265
36426
13856
8422
9355
22119
53175
35874
31534
29515
25948
527
19612
34838
61823
3308
19663
5891
45608
442
56975
47429
15738
31116
44383
1265
49453
12763
18639
31519
13514
33531
5000
30861
22024
30692
59052
55435
10773
56600
63486
63097
19928
16297
1957
13731
49347
20576
10419
26392
45336
42951
38148
35853
59214
2987
12375
41128
52886
34885
6780
29141
38413
53049
50578
27929
3706
49674
63379
25044
3618
44009
15062
33680
33373
24546
60664
2849
29346
53143
19904
37509
26970
6908
45696
63791
56432
14816
3461
15683
22166
16926
55951
15374
41262
49256
61577
46899
18476
2832
25768
18503
219
11365
49797
50357
56578
62014
37967
30880
15369
57083
7698
7960
54463
9616
21391
50215
31939
53406
55186
49475
20099
20409
35240
37063
12467
58732
56258
14575
55770
31959
15548
37064
26679
53963
49148
59263
52478
55223
5006
12416
53406
47032
33070
39788
49114
1138
22798
8343
25396
1181
20889
9787
34400
64633
34225
36412
9018
55073
47931
20039
63930
13133
33634
13529
15212
23621
38134
26054
23539
291
24037
36146
38312
41108
3289
44770
42344
8688
52412
65153
14892
22210
58391
29755
50728
41624
20056
46415
30311
33887
45675
27150
3280
61967
60250
63651
56276
10312
15596
18579
31052
59205
58654
12431
29354
32204
43353
29836
41347
35050
12753
61638
50332
60146
41635
22899
20027
29050
37817
45362
58073
8817
26030
52484
22998
37645
6851
7534
31482
29696
30118
62054
34000
4401
50459
61177
54233
25828
24384
12929
51299
43458
63139
27636
15433
3250
57899
53989
42934
58851
60663
19824
4089
14912
57482
28274
34500
38650
48603
24617
55235
44711
16887
27403
17736
46834
23680
63791
10505
6172
54802
49358
29788
23011
21111
40876
18215
57834
48137
24408
27609
39394
56990
44170
22356
25029
21828
45186
27990
16660
24714
57522
47767
25161
4440
50714
46416
62874
12152
32234
16013
63592
44971
16154
17369
64051
12447
16114
27879
1591
63551
25469
58058
53880
63765
57567
17787
60502
8846
56462
3212
50211
10576
55393
63361
52558
59684
32059
39059
23245
14464
37580
14197
34503
31707
60025
34583
46208
26650
17962
60046
40181
19592
8164
45636
20013
37162
64793
54479
36584
3365
51754
9444
32781
22655
7400
42394
61087
29090
60788
21556
64696
24937
59061
24948
33543
29774
58067
171
15079
61639
29554
16807
3080
58086
42846
10656
32445
8979
53816
1581
35852
41306
28909
53079
25719
57734
56697
22089
34869
1470
43113
56566
55005
49762
64882
15492
10193
26842
59662
60051
33711
65256
64235
31141
24893
6437
46796
31144
11284
21513
39984
6463
64718
5620
58425
21557
1973
44396
30128
63689
13472
54344
26723
22365
45154
64812
40815
21547
46239
29796
292
48366
37856
62178
41554
29817
26555
57423
22192
22511
54773
12433
54574
43254
2698
54614
65102
63952
3868
26390
3461
49013
10835
37529
13511
43230
40221
42473
41912
60099
60626
15947
21497
52842
57913
53794
26919
53719
58907
36751
45632
17552
6927
25965
43568
45247
38120
4984
15022
48872
42341
55573
63094
56351
5887
40196
16778
56374
60041
43522
64480
5057
3280
55016
16326
10042
16263
41901
33283
64322
435
54956
57072
26941
39173
55130
17287
12609
64904
46753
28847
48621
43664
3566
57431
38192
39498
63658
31478
22039
47534
32128
10528
39943
26375
28293
39752
54127
27054
16440
11244
63146
59979
46749
42020
29292
1922
29954
5081
62116
35641
724
23090
38835
62395
62887
23083
58463
27557
59649
17093
40928
37073
8714
65197
31014
10618
53370
38951
52996
34822
12964
16580
15517
48345
3053
12220
54282
43828
8083
14226
63246
28989
16312
64034
10665
25623
10913
20610
46249
2028
62660
48993
63619
11658
17780
51501
5763
51455
5705
30432
53332
12639
30673
18002
19560
50428
45657
61206
59405
50216
42988
42871
43238
8636
2893
49530
29141
19164
4975
20774
32457
26610
17167
26123
30388
7648
40161
4903
38435
26862
44850
48045
16236
52010
595
41516
31823
36604
63954
39856
20779
60420
25618
15299
57656
52033
42159
61065
22094
62468
35648
58195
7255
27571
8486
45318
6193
53324
40841
21752
59498
61513
56740
30968
25523
12331
31630
21369
19663
57500
61387
16997
4692
10906
48502
12993
34264
2102
52116
52223
29789
47287
56461
48518
43445
46099
54867
4721
44508
53474
27908
47583
27728
30046
48466
18113
9658
47511
8984
25862
10676
37928
25919
64495
25090
39830
1040
21902
51496
33266
57429
35435
12166
12900
52691
65203
63755
33566
40729
44591
42516
29245
5549
27278
53159
57691
4054
30277
51994
31998
19682
3716
65148
53696
38167
9776
14079
63717
34202
26811
3743
39539
34816
6012
65281
10689
48982
34396
28088
28080
12052
60
52601
62799
13643
3900
15548
64488
22356
61301
38175
1968
2327
28687
34263
35552
60246
57234
34584
39020
27983
42925
53235
42999
8257
49087
64683
64997
45630
29197
64706
64933
48710
24480
3373
6797
44783
58107
23567
40913
4485
19087
27460
40551
55628
21105
36255
36045
56717
30604
32950
23992
47258
21165
32891
50405
19821
23248
36810
5518
14688
48821
43677
59670
18969
56505
57841
3443
9725
34512
18262
3395
34014
33873
58163
31766
18488
34029
8060
20235
52322
44973
59528
61354
42071
39939
10515
4693
43723
46193
25522
24366
10392
10672
40303
49683
50594
64181
2417
39065
42463
6936
15676
20375
24795
62489
30678
33660
23536
60435
7188
41611
15790
25916
36142
53105
59109
43722
38845
6477
41821
35609
63699
10765
52738
13078
35188
22903
64650
55517
11591
24143
13060
23107
47826
11724
59935
50653
39359
21921
47338
40867
35981
13128
47810
50279
46238
52326
10861
27701
62332
25455
10734
51899
50847
19346
10641
2352
41896
19021
40442
51869
19126
46946
65194
21605
33965
24387
27006
29668
27055
28734
33006
488
50767
29229
61297
41453
27312
27943
43416
29718
58240
28593
61197
38002
18694
30733
56387
13409
57726
54868
30955
43860
6410
38393
21216
50401
19621
26115
61075
44447
25533
64881
58923
61543
61584
42990
4788
26623
6733
24686
25622
2276
13827
60889
25218
52779
11665
55298
14928
46627
10388
11494
4362
64646
8254
4763
22864
4704
1942
53160
59971
57351
22388
9843
21204
57500
49732
8826
39691
27549
52973
43306
20193
40675
51666
3747
60520
33226
47301
40489
6214
31240
63743
20226
50997
20249
52479
60654
46757
56276
54330
37849
64864
32245
27217
46181
24038
11792
14897
50771
23133
46910
59867
41984
29131
64689
58636
9225
28722
53203
54487
19888
24639
61466
54703
52988
26719
5793
5257
297
38892
31780
7936
10649
44776
42456
25722
64035
47640
64143
12815
21825
12592
4717
57630
25480
14546
5739
35516
28612
35882
48608
45367
53795
60136
53377
50298
16137
2581
55474
55886
34583
12491
13342
14198
29132
39086
27833
57407
3641
19386
2082
2786
52953
17664
18781
53757
54414
27043
63439
1845
36803
31685
54252
43113
11157
27811
49228
36389
50537
34902
41610
54982
62924
51984
485
64092
27920
7551
52057
32019
45184
20382
14637
39286
37192
41616
2475
32788
5689
751
52061
45682
2029
4598
9827
1624
33317
4048
27489
21236
47632
38140
48649
13705
33354
44186
3635
9394
270
33000
23656
18385
57309
381
13466
36294
2098
52126
52092
63688
34765
22716
42724
11979
22356
58318
34725
38658
34654
62305
58967
15678
26535
13369
29465
12877
59951
19005
3696
7159
486
39137
3918
27391
55388
9702
42812
21912
28190
7854
13872
41150
19893
13727
7302
1159
35827
32690
61946
60900
18972
43901
41509
19665
32117
63638
2882
3900
53733
62158
56254
63167
50345
38874
50769
7010
32323
31239
32616
46632
25323
12373
46294
7886
13612
61831
2453
53864
2407
59118
30273
42658
15761
63757
11892
50574
21991
57937
38013
12338
36407
7811
43611
32303
40319
58433
3047
37393
23609
45488
13042
50127
43108
7168
15933
19169
60404
36380
48729
57081
23600
12148
58243
10752
53232
39284
19679
6061
39230
58960
8307
28010
46845
8985
32153
30447
29566
48982
53230
25541
12576
20727
5711
28610
11486
11673
8748
30374
27443
46713
20412
50829
35595
8975
53610
18284
20756
55679
50926
31946
17385
27839
18586
62606
30997
59870
56803
19802
33997
39696
56428
32412
3574
3107
19228
23576
60471
23600
36822
42386
29689
32904
15531
63021
55101
60755
7671
48090
23306
45616
43740
41905
51248
55037
27601
34698
2935
61707
40332
33415
40695
52651
33513
59328
34328
21138
10783
59966
33097
16140
59204
7311
9942
55737
32275
35656
45439
48099
17512
52140
5894
3753
4928
26036
9849
31358
20272
1070
27143
39637
16494
56806
21914
63273
11515
41758
6908
43193
44183
3992
10415
44079
2605
28880
65360
921
35747
37351
9895
41936
4493
46538
11273
2134
57094
37549
34287
60582
11168
50467
43670
9195
28848
25149
35160
51729
7474
36292
24947
1236
55505
29102
6199
7210
36550
50558
20119
60821
12226
65150
3481
57750
15660
63918
57443
37229
57121
60726
34661
50423
39284
32776
63316
26412
26050
44199
25301
2824
29480
42418
30453
60996
39441
52339
63036
24538
38944
6232
54245
45228
9974
2333
6373
16593
30049
48452
34572
14450
28566
42054
48111
38412
33406
12688
1156
4894
6083
59665
21366
32282
33173
36879
6940
9683
34791
12177
31425
45178
12794
16124
63050
52083
24916
19948
56646
34298
47965
63119
4282
15795
25404
12954
49693
46242
28814
20715
17281
41995
55268
64327
710
18011
38647
39527
59029
9145
26805
20626
5934
7472
38354
19497
17440
2722
10644
45524
4084
36853
1708
64614
22456
46838
52380
10911
59176
51623
52034
49840
3623
3949
19499
56965
10959
16768
49645
31755
12295
27633
37151
64660
26960
62100
63979
47821
32985
20532
20587
60052
54432
43591
33121
45246
61294
63931
39130
49816
33042
48889
56112
55624
41990
33348
35576
39942
19420
20203
38126
4207
32410
63446
15207
59816
23661
9013
3176
32753
2335
63301
13262
34625
64337
19387
22161
11862
64130
6379
5690
8504
34922
9197
14544
13923
3897
1770
33287
45656
33655
21990
43682
61672
52706
51213
59090
61308
58803
56188
47162
61005
46355
17657
45205
9539
7484
3769
45356
51384
45904
57697
50659
58531
37937
50511
31164
24544
5512
41240
32739
41442
29349
31544
9122
35596
64639
15235
27209
45394
8486
33058
60071
60111
40457
50726
28642
64962
35514
8725
41443
41449
17322
32276
29749
27791
56960
8438
23213
45516
203
32025
27678
43505
21768
45996
38996
63537
6650
11128
42230
18928
19382
41069
53764
41380
46456
5131
28171
60262
39245
25474
1755
26183
44370
32989
23819
15474
39418
55746
30237
55696
62008
44109
50545
20183
38089
56912
45691
29624
13865
59635
165
51367
20756
42566
36887
19092
27420
36698
53663
53626
60350
22688
5125
35568
31922
51057
49901
16628
8299
13139
36841
10547
1763
14249
16912
2406
43088
58315
21329
34334
38016
64414
64874
44263
44255
44354
11156
54567
7296
30268
19847
57841
5571
31202
35649
30088
26104
8229
60508
51241
22735
13916
41717
63133
52569
61604
17759
50266
12744
752
24668
30821
26255
63754
24388
49929
157
55430
37057
49658
31149
24283
44998
42950
39220
1629
47151
56100
31166
12721
48959
18509
15262
30926
1223
4417
60900
19891
6893
65171
9037
15979
44634
51036
59197
14884
22635
64214
23008
19393
42687
46185
45641
53916
55815
54407
53914
29680
48702
20525
39128
32408
31654
58081
28227
16247
49746
42466
35659
6751
7349
52151
26037
39123
21533
6580
13304
37694
22157
31971
33353
15318
6516
25431
18718
37834
25745
6614
9935
27399
37149
47968
41505
3368
64685
20768
12354
50916
32760
15163
55584
4741
26689
12154
56311
31682
39192
40462
24728
63151
61481
53581
46168
7957
29396
61192
54996
31650
20560
59558
5184
27991
31715
61789
38535
7849
55701
6261
13404
6191
39877
33669
44868
51426
63251
26629
4312
41440
20891
53818
3296
38070
63171
33271
57565
62628
4193
52355
27452
8406
48579
38640
50919
61468
53664
19657
52941
53582
18703
24917
54444
29204
35744
1380
59576
20266
63997
39345
8541
43179
23200
38005
52293
15514
21893
30313
7190
41460
58963
46878
63381
49768
65027
40351
23275
51526
47433
22368
27800
30256
7617
5210
11708
13042
50325
23718
14824
200
25437
46944
54838
14273
13183
48261
61654
15167
16574
38400
45327
15022
17923
12898
17773
51092
45591
761
49610
4325
60558
54580
8363
34151
13374
54695
48834
63157
52841
28448
23976
60724
28337
7456
62179
11287
56722
45874
37011
44119
10239
60885
27841
8476
18995
44373
63265
11113
22943
31395
31791
48566
48301
64347
30237
57668
35639
41360
53164
28017
11725
15697
64904
12688
24464
44624
12528
23381
40058
13048
57341
24632
23069
5047
22145
9878
54161
37290
49183
56040
6395
43417
32175
30155
55823
3907
21852
23908
45831
28874
12930
49566
34011
53731
7377
63358
61559
31785
64990
51578
5332
27695
25203
21049
50486
42686
25161
23677
5674
61814
57867
37138
48065
38740
25762
20379
57624
39700
21969
29943
37769
62652
5228
3497
4085
19989
24537
52463
23763
22973
49902
56457
15965
20765
18811
24824
28844
22089
63898
41187
63040
24632
21870
9103
5560
27074
25645
6804
9073
46066
56306
7332
42875
28773
50774
10753
8339
38151
60082
48103
60109
44001
34396
49895
33505
44000
28737
12196
19411
38608
39627
13612
57211
26644
7495
36966
25654
46238
23518
19237
58556
50719
17308
45416
24663
46275
30307
22724
48191
59378
62827
65176
14139
6622
54203
51536
42940
19404
46410
63581
6356
33650
50302
9452
56221
48804
29741
43827
84
46922
43164
27701
6695
12663
23041
42127
4867
62031
2758
47002
39799
53556
49638
24176
46628
42613
45436
15796
58006
16243
18327
47650
25655
38532
24190
16158
43976
20483
10188
2618
2402
63499
50381
45670
60920
7475
37911
31747
42890
44124
38704
3663
5897
10022
21708
4495
54604
51374
45864
22374
58184
4132
59763
58403
2118
659
11694
47047
36107
18103
24109
46269
46721
1747
60091
1053
41559
28806
41137
53175
10991
26320
59577
53189
49125
58961
21650
13601
50209
1606
28923
22646
30063
24800
16959
22643
47063
64048
15795
47517
43062
39707
27356
14732
31051
33875
28364
54069
30341
36198
14505
17672
58969
58587
57156
32284
32852
12335
33247
2381
39696
26526
38634
51173
26760
64606
45400
27070
24687
4055
2297
40828
30011
6289
44545
36174
30338
5031
64295
52638
12519
50699
5293
35059
16541
11422
24656
64617
22484
54190
5971
10976
46276
3212
2887
56002
691
33093
43550
15917
58532
58032
13946
47259
17982
50037
16719
12055
30088
39932
33526
11433
19709
42369
64119
18525
34443
28105
18161
64804
24742
33270
39620
65317
32270
23936
3224
45419
13916
41702
37344
6485
31006
43477
5194
64873
25202
34182
34217
11485
50034
7876
55111
47319
25481
63269
63508
48718
56466
15281
56034
1175
11539
20317
64269
25081
51214
58412
629
64822
39921
15019
23104
7272
65079
10161
39946
41683
53817
10673
6110
32290
11233
31522
28576
27758
64474
24278
32322
31551
38024
58431
9505
58454
19229
37694
23483
55179
16005
40524
668
21745
40011
36720
45885
9728
2007
15118
42722
59587
46130
38296
24517
22959
26949
65410
60657
24554
21288
35579
46974
44581
41882
21200
680
907
18894
19834
40533
4367
58860
56756
14896
28190
16448
3086
3456
48671
5580
44701
2243
56991
61516
63406
39917
41498
42358
25333
18696
6205
55266
10724
5446
4729
28279
11868
1130
65033
5617
47301
65035
49803
9162
3270
60219
10138
25425
8424
7255
9813
23667
53855
26249
37687
12508
4946
61799
31826
32951
18603
8273
57500
58779
24326
15131
44037
64521
3022
40601
47461
41527
46347
5948
21696
61607
21069
23274
13426
27371
10651
53023
56499
64096
30606
32224
32076
60278
5906
48755
2214
54864
55448
14789
35353
39697
45663
65147
48458
25735
54347
42404
18495
25281
57734
29470
42384
6476
60399
65130
40728
7800
28766
32020
24286
24106
3382
33970
64111
59193
53021
24294
46301
57470
50147
3817
36474
14848
17865
9951
9298
23478
18283
21539
59738
31111
25342
35667
38004
23910
5714
17720
298
5316
38195
47170
44297
59850
35922
17395
263
14426
38929
49747
62026
31148
29542
41070
46844
63245
24659
13194
56093
48518
28493
30103
47674
27853
17146
64351
38698
35036
23281
1689
6591
13450
13080
58431
9806
44809
9608
45681
4667
9653
54026
49604
8088
33865
13775
30824
39716
17880
23076
41515
23392
38528
2927
60800
55738
23555
9950
17637
60999
46627
64662
1315
14492
19324
54089
60639
41685
40759
18042
54393
7890
52695
20305
54046
52234
37092
19000
27778
20011
50267
45057
35000
19286
13971
11713
17874
63082
9622
40536
46605
17259
3535
11719
56368
50575
5113
41266
15254
34831
53731
26318
36937
4201
13379
19708
46436
32534
53889
60374
34574
64807
25882
6157
3696
27452
63309
5709
45032
49945
16733
53135
60974
4994
60438
40025
27651
32610
35541
39829
45124
51074
2257
36510
25344
47346
3473
1300
58926
11840
17588
61823
11629
35675
57352
50257
55745
36155
25346
25676
976
53278
2814
17954
1587
7549
30796
27481
53806
35575
57736
51910
30147
23355
49000
40334
26590
11427
45544
3881
30895
18596
32740
57931
3183
57981
63303
47275
4963
59180
20954
33776
33594
19502
63448
59899
61126
16127
33049
62520
49715
4129
42626
26177
51339
45651
8273
53123
48398
13592
12570
45135
33077
35991
15390
31462
3093
63359
45199
35354
52602
24031
43282
10622
56266
29215
64507
10778
23295
47571
5603
46237
8899
17920
43215
38290
13059
7395
48823
46679
5809
50844
29099
55048
34999
41303
29364
30290
3471
49898
24238
42187
63960
30467
22871
37994
29665
40698
33214
46979
27375
43151
19615
3617
16503
3887
18776
31294
25155
36910
57254
12974
39625
50586
32583
46547
8804
19907
60132
14209
29447
7949
14049
53850
3527
47705
318
17676
54803
20722
43553
54651
21811
16741
22518
18536
32885
12411
62641
6047
16556
32033
55897
34677
16189
964
11410
51017
59786
35037
14572
25259
14565
4583
13890
64754
56803
50117
46219
63068
21533
45358
1090
18353
40867
62593
42809
33452
49796
52545
61647
13022
7835
8390
34471
57831
34970
29302
18484
14889
65073
9904
64337
17721
33474
39560
65380
16629
45762
38212
18764
15485
50561
40555
25169
29773
57331
56517
15679
18362
45091
2952
29915
44032
35019
55
10989
59662
5760
57489
59066
12859
17640
64300
38169
55815
25153
61937
9623
26059
39279
25563
18558
32992
39324
63966
35138
7749
8624
32401
43309
50882
65114
57950
24719
37971
3492
58260
8879
33081
30475
56076
21761
8806
19971
16389
35362
18799
51125
42182
4228
27371
41775
27272
29549
34903
30337
1416
52256
14274
22789
51242
6653
971
54224
42927
18508
32796
45613
59860
57176
6283
10083
33961
3388
44825
62877
23471
54796
54596
32590
14059
31305
20969
56133
60987
60251
613
21065
6311
12409
3957
45308
21012
39730
369
19314
29464
49710
4264
10260
60656
11634
60884
51787
58686
46458
18704
20226
53870
15503
30798
1911
13258
57468
58735
12046
8302
11703
30444
33203
51235
54491
63329
10258
25786
50342
22230
64372
39434
16059
19585
7523
33265
22107
15844
41892
23438
20216
40060
19408
49428
16739
38852
61533
55115
37496
63632
59645
25228
4297
13825
3258
58606
19982
34748
19981
29237
31567
42960
44811
38644
63987
56703
64436
5642
9811
1910
59363
37750
25783
13536
6770
52992
11040
49061
17351
47888
45202
38784
32021
59325
9927
44949
6002
61815
3902
4429
55744
37066
46817
47691
45894
62128
40169
26940
26284
26950
17469
6857
24007
39531
59885
14472
49260
34923
25429
63643
57410
48663
8458
38844
50526
52500
47728
8581
57280
35413
23797
53580
58311
37432
27919
38704
20872
48528
50378
12030
37324
64835
7858
16914
55027
5851
64534
24384
37386
21249
36585
31246
33513
27432
1429
17156
43246
20139
59260
16143
48757
4874
46492
33576
59455
45873
8230
24301
10476
20834
49672
27714
61135
46019
21503
60956
21467
57700
54732
33339
2140
23722
20203
54401
28773
19592
26888
60241
42538
247
41482
13450
25803
46869
56767
21013
29592
56184
15040
4652
47749
7736
48743
21714
56363
18203
43100
41917
59151
49315
20948
22005
53658
49221
48055
62174
64648
41910
38341
33432
27612
1874
25922
61256
32655
39772
37655
21195
32915
60157
10053
17184
15049
1147
19396
35416
63956
4654
43383
48006
9587
42931
5591
34896
36256
9883
52133
55911
57375
61816
57104
26211
39115
51053
63976
53928
54440
38815
6692
29037
10335
38390
435
7969
3788
634
3178
45117
42604
58679
42856
45385
34608
21428
19019
52241
14970
17661
53562
38501
29208
3525
28594
26976
42973
26905
2472
64127
50253
13295
41984
43501
23974
57466
4082
28411
33628
48182
57645
40095
57261
34492
43653
62220
32767
2818
1854
4817
49623
54069
65070
16495
59895
59220
47735
30013
58132
7871
918
21144
47761
46161
47948
25104
60158
40401
58481
724
23531
63840
38354
4231
31728
51903
55515
5018
36048
17048
29867
38697
36961
24955
58600
55140
13328
1710
38439
24846
26260
35860
31872
21444
16113
53430
58263
63075
16712
18062
20451
32725
59549
27405
31710
46553
32694
51661
58500
62328
125
5714
53600
7222
57415
56871
50960
49396
42698
28856
22683
55591
50887
32969
1469
50163
50304
56629
29945
54313
58864
15230
1755
50242
7644
41740
62330
28218
25818
42305
4270
28859
28638
37950
2082
46359
11698
5893
14707
50800
51100
10516
44134
6322
4987
6406
12730
30082
60644
39787
33429
16857
22896
10950
57864
33209
9768
46155
25340
2663
10176
20187
55228
30617
20006
9784
31698
19725
58190
21470
51154
34920
7540
7521
50779
58601
35830
29646
36869
34179
29226
63277
21724
65254
25709
21159
24449
26849
8919
9348
3207
46503
59509
21022
23631
34835
39435
44752
11913
61278
63302
32511
59997
61645
28331
15017
49953
21738
53502
36151
16984
40301
4922
19468
53298
63660
64544
24108
61519
23015
53946
52717
4915
5677
51228
30699
6959
19596
52327
27438
64101
64132
58576
16354
6506
56456
13841
49118
50843
8388
42671
5380
2320
17400
30393
16412
9158
8843
60170
50711
6806
58217
3618
21683
7001
2257
15554
9993
43109
49959
3512
23173
58924
34430
57543
50771
15396
7852
7759
12645
27315
55564
38553
34287
19505
64190
58893
5453
44071
18753
37821
35639
21251
47316
63694
54720
50367
56607
49051
59507
31703
40019
7561
32521
43541
54626
35943
7033
65227
6981
60155
7393
59945
14741
46509
39359
45305
42
55798
40408
6619
37879
17119
34711
33771
57717
15954
19964
20542
54094
14205
9759
28618
22457
25457
34816
64728
18381
40437
34656
24830
49713
38608
13951
51462
43617
46010
63629
49953
41215
30182
33643
37538
48545
51533
60581
64627
23722
31048
11237
35375
42658
28780
46286
12046
13014
35746
12631
14530
33896
32097
7306
50384
55075
36725
38453
21576
17545
57586
49329
40016
10109
1696
62145
24495
56244
16344
41396
26543
5556
58615
56244
63451
55324
15661
50881
12021
24716
30713
22939
21996
32573
50808
55233
16915
55336
63881
12234
30255
2573
18977
31957
62049
34548
11851
27692
43636
50389
43203
16519
43115
61242
14113
30391
23481
9401
7441
47761
40065
49586
8712
23634
33845
8892
22784
42197
30125
60143
59604
478
2219
19800
62479
13607
5800
37320
4271
55787
52760
30096
31613
55890
8867
48801
50503
1752
38738
58189
38047
11965
31263
44103
4142
49705
45543
62913
157
3367
10077
64538
28031
41170
64911
4475
13084
46858
24256
58205
15752
60759
27070
15557
55887
38940
46819
64305
24397
47221
28044
4944
63747
65269
57367
9345
11091
61412
45953
28737
60526
34256
10717
22989
50219
63071
16849
8305
43362
51812
48807
24832
64693
57085
29323
20894
15210
48083
50564
49760
62478
47519
44640
699
64156
15625
52569
12392
18754
62366
12426
8648
62671
39315
62696
65039
13916
62270
53509
49240
36323
30936
63922
61356
14551
20565
64796
22704
34001
45604
46501
58695
37547
786
15403
64408
34797
30596
27245
25655
64989
53675
33874
18165
48380
59214
43269
40273
39490
20111
61129
41302
63515
45783
57356
38149
40882
8898
11096
29900
7495
8660
55995
6882
40578
33783
32040
54179
58378
27154
19501
23941
4899
3099
42596
44677
57954
18926
45422
6569
28815
29409
54597
51655
2243
29200
61923
17994
57620
26197
9900
14614
9981
1615
50508
34107
53140
5237
8578
61967
39454
5175
65308
42064
61361
52368
15433
51526
17172
42989
5196
38367
30845
55173
3521
61468
53658
17796
43173
16572
15829
20469
21285
18852
44810
58753
61150
24248
15299
36919
20845
57544
34520
28540
17825
51049
1922
8175
59092
53376
6423
21846
36032
19737
39079
55220
3258
40361
14101
13271
57830
2072
25542
32206
44685
62199
15987
48477
27063
696
3392
17192
15002
12506
11773
57515
13972
56116
58032
60494
2367
40833
30091
31227
6573
63486
53249
1609
63928
1702
63307
24954
16850
1292
17023
983
25711
38792
37236
12442
43655
37153
63107
17656
24565
18885
45368
48054
52232
46147
33321
23927
51558
21507
38366
51584
28240
17153
42470
1249
7466
29166
65054
11027
56359
35484
24682
1768
7224
7300
26918
34641
8363
38426
23682
54133
62120
22665
63333
12685
43384
28779
4064
22006
29769
58945
62533
30102
42153
3887
38336
7982
60047
48732
35584
53815
18136
6590
56808
6019
55969
308
5445
37988
41271
59214
4905
16791
19782
52243
9558
1502
9495
36459
13585
47205
46538
47228
11981
52156
10357
40558
62876
4752
13335
64748
13050
54322
65255
42303
1182
29653
22239
21049
63457
38310
45927
7290
62177
49669
17448
10341
33179
20678
38693
17873
2722
